10000
9999
3014 3015
1687 1688
9426 9427
5859 5860
3877 3878
7765 7766
6388 6389
3079 3080
6967 6968
8899 8900
1702 1703
5590 5591
9762 9763
41 42
2281 2282
4213 4214
8101 8102
904 905
2552 2553
4792 4793
6724 6725
8964 8965
3415 3416
7303 7304
106 107
9493 9494
5926 5927
9814 9815
2617 2618
5128 5129
3146 3147
7318 7319
442 443
5657 5658
9829 9830
2348 2349
6520 6521
2953 2954
971 972
4859 4860
9031 9032
1550 1551
3482 3483
5722 5723
7654 7655
173 174
5993 5994
8233 8234
2684 2685
6856 6857
1307 1308
3547 3548
5195 5196
8762 8763
9367 9368
1886 1887
6058 6059
9946 9947
509 510
4397 4398
8569 8570
6587 6588
7771 7772
1901 1902
5789 5790
2222 2223
9961 9962
240 241
6394 6395
4412 4413
8300 8301
2751 2752
1424 1425
9163 9164
5596 5597
3614 3615
7502 7503
6125 6126
2816 2817
6704 6705
8636 8637
1439 1440
5327 5328
2018 2019
3950 3951
7838 7839
641 642
2289 2290
4529 4530
8701 8702
3152 3153
7040 7041
1170 1171
5058 5059
1491 1492
9230 9231
5663 5664
9551 9552
2354 2355
4865 4866
2883 2884
7055 7056
179 180
5394 5395
9566 9567
2085 2086
6257 6258
2690 2691
7905 7906
708 709
4596 4597
8768 8769
1287 1288
3219 3220
5459 5460
3798 3799
5730 5731
7970 7971
2421 2422
6593 6594
1044 1045
8499 8500
4932 4933
9104 9105
1623 1624
5795 5796
9683 9684
246 247
4134 4135
8306 8307
6324 6325
7508 7509
1638 1639
5526 5527
1959 1960
4149 4150
8037 8038
2488 2489
4728 4729
8900 8901
5333 5334
3351 3352
7239 7240
1690 1691
5862 5863
9750 9751
313 314
2553 2554
6441 6442
8373 8374
5064 5065
3687 3688
7575 7576
378 379
2026 2027
4266 4267
8438 8439
2889 2890
6777 6778
907 908
4795 4796
1228 1229
8967 8968
5400 5401
9288 9289
2091 2092
8169 8170
4602 4603
2620 2621
6792 6793
5131 5132
9303 9304
1822 1823
5994 5995
7642 7643
9882 9883
445 446
4333 4334
8505 8506
1024 1025
2956 2957
5196 5197
3535 3536
5467 5468
7707 7708
2158 2159
6330 6331
781 782
8236 8237
4669 4670
8841 8842
1360 1361
5532 5533
3871 3872
1889 1890
8043 8044
6061 6062
9949 9950
8572 8573
7245 7246
5263 5264
1696 1697
3886 3887
7774 7775
577 578
2225 2226
4465 4466
8637 8638
5070 5071
3088 3089
6976 6977
1427 1428
5599 5600
9487 9488
50 51
2290 2291
6178 6179
8110 8111
4801 4802
8689 8690
3424 3425
7312 7313
115 116
5330 5331
4003 4004
2626 2627
6514 6515
644 645
4532 4533
965 966
8704 8705
5137 5138
9025 9026
1828 1829
167 168
7906 7907
4339 4340
2357 2358
6529 6530
4868 4869
9040 9041
1559 1560
5731 5732
7379 7380
9619 9620
182 183
4070 4071
8242 8243
761 762
2693 2694
4933 4934
6581 6582
3272 3273
5204 5205
7444 7445
1895 1896
9955 9956
518 519
7973 7974
4406 4407
8578 8579
1097 1098
5269 5270
3608 3609
1626 1627
7780 7781
5798 5799
9686 9687
8309 8310
5000 5001
1433 1434
3623 3624
7511 7512
314 315
1962 1963
4202 4203
6134 6135
2825 2826
4473 4474
6713 6714
1164 1165
5336 5337
9224 9225
2027 2028
7847 7848
366 367
4538 4539
8426 8427
3161 3162
7049 7050
5067 5068
3740 3741
2363 2364
6251 6252
381 382
4269 4270
702 703
8441 8442
4874 4875
1565 1566
6780 6781
3471 3472
7643 7644
4076 4077
2094 2095
4605 4606
8777 8778
1296 1297
5468 5469
7116 7117
9356 9357
3807 3808
7979 7980
498 499
2430 2431
4670 4671
6318 6319
3009 3010
7181 7182
1632 1633
9692 9693
255 256
7710 7711
4143 4144
8315 8316
834 835
5006 5007
3345 3346
1363 1364
7517 7518
5535 5536
9423 9424
8046 8047
4737 4738
8625 8626
3360 3361
7248 7249
1699 1700
3939 3940
5871 5872
9759 9760
2562 2563
4210 4211
6450 6451
901 902
5073 5074
8961 8962
1764 1765
7584 7585
9824 9825
103 104
4275 4276
8163 8164
2898 2899
6786 6787
4804 4805
2100 2101
5988 5989
118 119
4006 4007
439 440
8178 8179
4611 4612
2629 2630
1302 1303
6517 6518
3208 3209
7380 7381
3813 3814
1831 1832
9891 9892
4342 4343
8514 8515
1033 1034
5205 5206
6853 6854
9093 9094
3544 3545
7716 7717
235 236
2167 2168
4407 4408
6055 6056
2746 2747
6918 6919
1369 1370
5257 5258
9429 9430
7447 7448
3880 3881
8052 8053
571 572
9958 9959
6649 6650
3082 3083
1100 1101
7254 7255
5272 5273
9160 9161
7783 7784
302 303
4474 4475
8362 8363
3097 3098
6985 6986
1436 1437
3676 3677
5608 5609
9496 9497
2299 2300
3947 3948
6187 6188
638 639
4810 4811
8698 8699
1501 1502
3149 3150
6716 6717
7321 7322
9561 9562
4012 4013
7900 7901
6523 6524
4541 4542
1837 1838
5725 5726
3743 3744
176 177
9897 9898
7915 7916
2366 2367
6254 6255
2945 2946
7117 7118
3550 3551
1568 1569
5456 5457
9628 9629
191 192
4079 4080
8251 8252
770 771
6590 6591
8830 8831
3281 3282
7453 7454
1904 1905
4144 4145
5792 5793
9964 9965
2483 2484
6655 6656
1106 1107
4994 4995
9166 9167
7184 7185
3617 3618
308 309
9695 9696
2498 2499
6386 6387
2819 2820
837 838
6991 6992
5009 5010
8897 8898
3348 3349
7520 7521
39 40
4211 4212
8099 8100
6722 6723
1173 1174
3413 3414
5345 5346
9233 9234
2036 2037
5924 5925
375 376
4547 4548
8435 8436
1238 1239
2886 2887
6453 6454
7058 7059
3749 3750
9827 9828
6260 6261
4278 4279
8450 8451
1574 1575
6789 6790
5462 5463
3480 3481
7652 7653
2103 2104
5991 5992
2682 2683
6854 6855
3287 3288
1305 1306
5193 5194
9365 9366
3816 3817
6056 6057
7988 7989
507 508
6327 6328
8567 8568
3018 3019
7190 7191
1641 1642
3881 3882
5529 5530
9701 9702
2220 2221
6392 6393
843 844
4731 4732
8903 8904
6921 6922
3354 3355
45 46
9432 9433
2235 2236
6123 6124
2556 2557
574 575
6728 6729
4746 4747
8634 8635
3085 3086
7257 7258
9497 9498
3948 3949
7836 7837
9768 9769
6459 6460
910 911
3150 3151
5082 5083
8970 8971
1773 1774
5661 5662
112 113
4284 4285
8172 8173
975 976
2623 2624
6190 6191
6795 6796
3486 3487
5392 5393
1825 1826
9564 9565
5997 5998
9885 9886
4015 4016
8187 8188
6526 6527
3217 3218
7389 7390
1840 1841
5728 5729
9900 9901
2419 2420
4351 4352
6591 6592
3024 3025
8239 8240
1042 1043
4930 4931
9102 9103
3553 3554
244 245
6064 6065
8304 8305
2755 2756
6927 6928
1378 1379
8833 8834
5266 5267
3284 3285
9438 9439
1957 1958
6129 6130
580 581
4468 4469
8640 8641
6658 6659
9169 9170
1972 1973
5860 5861
2293 2294
311 312
6465 6466
4483 4484
8371 8372
2822 2823
6994 6995
9234 9235
3685 3686
7573 7574
9505 9506
2024 2025
6196 6197
647 648
2887 2888
4819 4820
8707 8708
5398 5399
4021 4022
7909 7910
712 713
2360 2361
5927 5928
3223 3224
1241 1242
5129 5130
1562 1563
9301 9302
5734 5735
9622 9623
3752 3753
6263 6264
2954 2955
7126 7127
1577 1578
5465 5466
9637 9638
2156 2157
4088 4089
6328 6329
2761 2762
7976 7977
779 780
4667 4668
8839 8840
3290 3291
1913 1914
5801 5802
8041 8042
9973 9974
2492 2493
6664 6665
4682 4683
1115 1116
8570 8571
5003 5004
3021 3022
9175 9176
5866 5867
317 318
4205 4206
8377 8378
6395 6396
846 847
8906 8907
1709 1710
5597 5598
2030 2031
48 49
4220 4221
8108 8109
2559 2560
4799 4800
6731 6732
8971 8972
3422 3423
7310 7311
9242 9243
1761 1762
5933 5934
9821 9822
384 385
2624 2625
4556 4557
8444 8445
5135 5136
3758 3759
7646 7647
449 450
2097 2098
5664 5665
9836 9837
2960 2961
8175 8176
978 979
4866 4867
1299 1300
9038 9039
5471 5472
3489 3490
6000 6001
8240 8241
2691 2692
6863 6864
8511 8512
1314 1315
5202 5203
9374 9375
1893 1894
3825 3826
6065 6066
7713 7714
516 517
4404 4405
8576 8577
3027 3028
6915 6916
1650 1651
9105 9106
5538 5539
7778 7779
2229 2230
4419 4420
852 853
8307 8308
4740 4741
2758 2759
8912 8913
5603 5604
54 55
3942 3943
1960 1961
8114 8115
6132 6133
583 584
8643 8644
5334 5335
1767 1768
3957 3958
7845 7846
648 649
2296 2297
4536 4537
6468 6469
8708 8709
3159 3160
4807 4808
7047 7048
8979 8980
1498 1499
5670 5671
9558 9559
121 122
2361 2362
8181 8182
700 701
4872 4873
3495 3496
7383 7384
5401 5402
9573 9574
2697 2698
7912 7913
715 716
4603 4604
1036 1037
8775 8776
5208 5209
3226 3227
5737 5738
7977 7978
9909 9910
2428 2429
6600 6601
8248 8249
1051 1052
4939 4940
9111 9112
1630 1631
3562 3563
5802 5803
7450 7451
253 254
4141 4142
8313 8314
2764 2765
6652 6653
1387 1388
8842 8843
1966 1967
4156 4157
589 590
8044 8045
4477 4478
2495 2496
8649 8650
6667 6668
5340 5341
3679 3680
1697 1698
7851 7852
5869 5870
9757 9758
320 321
8380 8381
5071 5072
1504 1505
8959 8960
3694 3695
7582 7583
385 386
2033 2034
4273 4274
6205 6206
2896 2897
4544 4545
6784 6785
8716 8717
1235 1236
5407 5408
9295 9296
2098 2099
7918 7919
437 438
4609 4610
3232 3233
7120 7121
5138 5139
9310 9311
2434 2435
7649 7650
452 453
4340 4341
773 774
8512 8513
4945 4946
2963 2964
6851 6852
3542 3543
5474 5475
7714 7715
9646 9647
2165 2166
7985 7986
788 789
4676 4677
8848 8849
1367 1368
3299 3300
5539 5540
7187 7188
3878 3879
8050 8051
2501 2502
6389 6390
1124 1125
8579 8580
1703 1704
9763 9764
3893 3894
326 327
7781 7782
4214 4215
2232 2233
8386 8387
6404 6405
4743 4744
6983 6984
1434 1435
7588 7589
5606 5607
9494 9495
57 58
8117 8118
636 637
2568 2569
4808 4809
8696 8697
3431 3432
7319 7320
1770 1771
5942 5943
9830 9831
2633 2634
4281 4282
6521 6522
972 973
5144 5145
9032 9033
3162 3163
1835 1836
3483 3484
7050 7051
7655 7656
174 175
4346 4347
6857 6858
4875 4876
9047 9048
2171 2172
7386 7387
189 190
4077 4078
510 511
8249 8250
2700 2701
6588 6589
3279 3280
5211 5212
7451 7452
1902 1903
7722 7723
9962 9963
525 526
4413 4414
8585 8586
1104 1105
3036 3037
5276 5277
6924 6925
3615 3616
7787 7788
2238 2239
6126 6127
8316 8317
1440 1441
9500 9501
3630 3631
63 64
7518 7519
3951 3952
1969 1970
8123 8124
6141 6142
4480 4481
6720 6721
1171 1172
7325 7326
5343 5344
9231 9232
7854 7855
373 374
2305 2306
4545 4546
8433 8434
7056 7057
1507 1508
5679 5680
9567 9568
130 131
2370 2371
4018 4019
6258 6259
709 710
4881 4882
8769 8770
2899 2900
6787 6788
3220 3221
7392 7393
4083 4084
6594 6595
724 725
4612 4613
8784 8785
1908 1909
7123 7124
3814 3815
247 248
7986 7987
9634 9635
2437 2438
6325 6326
3016 3017
4948 4949
7188 7189
1639 1640
5527 5528
7459 7460
9699 9700
262 263
4150 4151
8322 8323
841 842
2773 2774
6661 6662
3352 3353
7524 7525
1975 1976
5863 5864
8053 8054
1177 1178
9237 9238
3367 3368
7255 7256
3688 3689
1706 1707
5878 5879
9766 9767
2569 2570
4217 4218
6457 6458
8389 8390
908 909
7062 7063
5080 5081
8968 8969
3419 3420
7591 7592
110 111
2042 2043
4282 4283
6793 6794
1244 1245
5416 5417
9304 9305
2107 2108
7322 7323
5995 5996
446 447
4618 4619
8506 8507
2636 2637
6524 6525
2957 2958
7129 7130
3820 3821
2159 2160
9898 9899
6331 6332
461 462
4349 4350
8521 8522
6860 6861
3551 3552
7723 7724
9371 9372
2174 2175
6062 6063
2753 2754
4685 4686
6925 6926
1376 1377
5264 5265
9436 9437
3887 3888
578 579
2510 2511
9965 9966
6398 6399
3089 3090
7261 7262
1712 1713
5600 5601
3618 3619
9772 9773
7790 7791
914 915
6992 6993
3425 3426
1443 1444
5615 5616
9503 9504
2306 2307
3954 3955
6194 6195
8126 8127
645 646
6799 6800
4817 4818
8705 8706
3156 3157
7328 7329
1779 1780
4019 4020
9839 9840
6530 6531
981 982
5153 5154
9041 9042
7059 7060
183 184
4355 4356
8243 8244
2373 2374
6261 6262
2694 2695
6866 6867
4884 4885
3557 3558
5463 5464
1896 1897
9635 9636
6068 6069
198 199
4086 4087
8258 8259
6597 6598
3288 3289
7460 7461
9108 9109
1911 1912
5799 5800
9971 9972
2490 2491
4422 4423
6662 6663
8310 8311
1113 1114
5001 5002
9173 9174
3624 3625
1642 1643
315 316
2247 2248
9702 9703
6135 6136
2826 2827
6998 6999
1449 1450
8904 8905
5337 5338
3355 3356
9509 9510
7527 7528
651 652
6729 6730
1180 1181
5352 5353
9240 9241
2043 2044
3691 3692
5931 5932
7863 7864
382 383
4554 4555
6202 6203
8442 8443
2893 2894
7065 7066
1516 1517
3756 3757
9576 9577
2095 2096
6267 6268
718 719
4890 4891
8778 8779
6796 6797
4092 4093
7980 7981
2110 2111
5998 5999
2431 2432
4621 4622
8509 8510
1312 1313
5200 5201
9372 9373
5805 5806
3823 3824
2446 2447
6334 6335
785 786
3025 3026
7197 7198
8845 8846
1648 1649
5536 5537
9708 9709
4159 4160
6399 6400
8047 8048
850 851
4738 4739
8910 8911
3361 3362
1379 1380
52 53
1984 1985
9439 9440
5872 5873
2563 2564
4753 4754
1186 1187
8641 8642
5074 5075
3092 3093
9246 9247
7264 7265
388 389
9775 9776
2294 2295
6466 6467
917 918
5089 5090
8977 8978
3428 3429
5668 5669
7600 7601
119 120
4291 4292
8179 8180
2630 2631
6802 6803
1253 1254
3493 3494
9313 9314
1832 1833
6004 6005
455 456
8515 8516
6533 6534
3829 3830
9044 9045
7717 7718
1847 1848
5735 5736
2168 2169
9907 9908
186 187
4358 4359
8246 8247
1049 1050
4937 4938
9109 9110
5542 5543
3560 3561
2183 2184
6071 6072
8311 8312
522 523
2762 2763
6934 6935
8582 8583
1385 1386
5273 5274
9445 9446
3896 3897
6136 6137
7784 7785
587 588
4475 4476
8647 8648
3098 3099
6986 6987
1116 1117
1721 1722
9176 9177
5609 5610
2300 2301
4490 4491
923 924
8378 8379
4811 4812
2829 2830
8983 8984
7001 7002
125 126
9512 9513
2031 2032
6203 6204
654 655
4826 4827
8714 8715
3165 3166
5405 5406
7337 7338
4028 4029
7916 7917
719 720
2367 2368
6539 6540
990 991
3230 3231
4878 4879
8445 8446
9050 9051
1569 1570
5741 5742
192 193
8252 8253
6270 6271
3566 3567
8781 8782
7454 7455
1584 1585
5472 5473
9644 9645
4095 4096
7983 7984
786 787
4674 4675
6606 6607
8846 8847
5279 5280
3297 3298
7185 7186
1920 1921
5808 5809
9980 9981
259 260
2499 2500
8319 8320
1122 1123
5010 5011
9182 9183
3633 3634
5873 5874
7521 7522
324 325
4212 4213
8384 8385
2835 2836
6723 6724
853 854
1458 1459
8913 8914
2037 2038
55 56
4227 4228
660 661
8115 8116
4548 4549
2566 2567
8720 8721
6738 6739
5077 5078
9249 9250
1768 1769
5940 5941
9828 9829
391 392
8451 8452
970 971
2902 2903
5142 5143
7074 7075
3765 3766
7653 7654
2104 2105
6276 6277
727 728
2967 2968
4615 4616
8182 8183
8787 8788
1306 1307
5478 5479
3496 3497
7989 7990
6007 6008
8518 8519
1321 1322
5209 5210
9381 9382
3832 3833
7720 7721
523 524
4411 4412
6343 6344
8583 8584
5016 5017
3034 3035
6922 6923
1657 1658
5545 5546
9717 9718
2236 2237
8056 8057
859 860
4747 4748
8919 8920
3370 3371
7258 7259
61 62
8121 8122
2572 2573
6460 6461
590 591
8650 8651
3101 3102
1774 1775
3964 3965
397 398
7852 7853
4285 4286
2303 2304
8457 8458
6475 6476
4814 4815
7054 7055
8986 8987
1505 1506
5677 5678
9565 9566
128 129
8188 8189
707 708
2639 2640
4879 4880
6811 6812
3502 3503
7390 7391
1841 1842
6013 6014
9901 9902
464 465
2704 2705
4352 4353
7919 7920
1043 1044
5215 5216
3233 3234
7121 7122
3554 3555
7726 7727
5744 5745
9916 9917
8255 8256
1058 1059
4946 4947
9118 9119
3569 3570
7457 7458
260 261
4148 4149
6080 6081
8320 8321
9968 9969
2771 2772
6659 6660
1394 1395
5282 5283
1973 1974
3905 3906
7793 7794
596 597
4484 4485
8656 8657
6674 6675
3107 3108
6995 6996
5013 5014
7858 7859
2309 2310
6197 6198
327 328
8387 8388
2838 2839
3701 3702
134 135
7589 7590
4022 4023
2040 2041
6212 6213
663 664
4551 4552
6791 6792
8723 8724
1242 1243
5414 5415
9302 9303
3753 3754
7925 7926
2376 2377
4616 4617
6548 6549
7127 7128
1578 1579
5750 5751
9638 9639
201 202
2441 2442
7656 7657
780 781
4952 4953
2970 2971
6858 6859
3291 3292
7463 7464
5481 5482
7992 7993
795 796
4683 4684
8855 8856
3306 3307
7194 7195
1645 1646
3885 3886
5817 5818
8057 8058
9705 9706
2508 2509
6396 6397
5019 5020
1710 1711
3642 3643
7530 7531
333 334
4221 4222
8393 8394
6411 6412
2844 2845
6732 6733
4750 4751
8922 8923
7595 7596
2046 2047
5934 5935
64 65
8124 8125
2575 2576
7326 7327
3759 3760
1777 1778
5949 5950
9837 9838
400 401
2640 2641
4288 4289
6528 6529
8460 8461
979 980
5151 5152
9039 9040
3490 3491
7662 7663
2113 2114
4353 4354
6285 6286
6864 6865
1315 1316
5487 5488
9375 9376
2178 2179
7393 7394
517 518
4689 4690
9904 9905
2707 2708
6595 6596
3028 3029
7200 7201
5218 5219
5797 5798
7729 7730
9969 9970
532 533
4420 4421
8592 8593
3043 3044
6931 6932
1382 1383
3622 3623
5554 5555
7794 7795
9442 9443
2245 2246
6133 6134
4756 4757
8644 8645
1447 1448
3379 3380
70 71
3958 3959
1976 1977
6148 6149
2581 2582
6469 6470
4487 4488
8659 8660
7332 7333
1783 1784
5671 5672
3689 3690
9843 9844
7861 7862
2312 2313
6484 6485
4823 4824
7063 7064
1514 1515
5686 5687
9574 9575
137 138
2377 2378
4025 4026
8197 8198
716 717
4888 4889
6536 6537
8776 8777
3227 3228
7399 7400
5417 5418
1850 1851
4090 4091
9910 9911
2429 2430
6601 6602
1052 1053
5224 5225
9112 9113
7130 7131
254 255
4426 4427
9641 9642
2444 2445
6332 6333
2765 2766
6937 6938
4955 4956
5534 5535
7466 7467
9706 9707
269 270
4157 4158
9977 9978
2780 2781
6668 6669
1119 1120
3359 3360
5291 5292
7531 7532
9179 9180
1982 1983
5870 5871
321 322
4493 4494
8381 8382
1184 1185
3695 3696
1713 1714
5885 5886
2318 2319
9773 9774
6206 6207
4224 4225
8396 8397
1520 1521
6735 6736
8975 8976
3426 3427
9580 9581
7598 7599
2049 2050
4560 4561
6800 6801
1251 1252
5423 5424
9311 9312
3762 3763
7934 7935
453 454
4625 4626
6273 6274
8513 8514
2964 2965
7136 7137
5154 5155
1587 1588
9647 9648
6338 6339
789 790
4961 4962
8849 8850
2979 2980
6867 6868
1318 1319
4163 4164
9378 9379
2181 2182
6069 6070
2502 2503
4692 4693
8580 8581
1383 1384
5271 5272
7203 7204
9443 9444
3894 3895
9714 9715
2517 2518
6405 6406
856 857
3096 3097
5028 5029
7268 7269
8916 8917
1719 1720
5607 5608
9779 9780
58 59
4230 4231
8118 8119
921 922
3432 3433
1450 1451
5622 5623
2055 2056
9510 9511
5943 5944
3961 3962
8133 8134
4824 4825
1257 1258
6472 6473
8712 8713
3163 3164
9317 9318
7335 7336
1786 1787
9846 9847
2365 2366
4297 4298
6537 6538
988 989
5160 5161
9048 9049
3499 3500
7671 7672
190 191
2122 2123
4362 4363
9577 9578
8250 8251
2701 2702
6873 6874
4891 4892
1324 1325
8779 8780
5212 5213
9384 9385
6075 6076
526 527
8586 8587
2716 2717
6604 6605
1055 1056
3900 3901
9115 9116
1918 1919
5806 5807
2239 2240
9978 9979
257 258
4429 4430
8317 8318
1120 1121
5008 5009
6940 6941
9180 9181
3631 3632
9451 9452
2254 2255
6142 6143
593 594
2833 2834
4765 4766
8653 8654
1456 1457
5344 5345
9516 9517
3967 3968
7855 7856
658 659
3169 3170
1187 1188
5359 5360
1792 1793
9247 9248
5680 5681
3698 3699
7870 7871
4561 4562
994 995
6209 6210
8449 8450
2900 2901
9054 9055
7072 7073
1523 1524
9583 9584
2102 2103
4034 4035
6274 6275
725 726
8785 8786
3236 3237
7408 7409
4099 4100
9314 9315
2438 2439
456 457
6610 6611
4628 4629
1061 1062
8516 8517
4949 4950
9121 9122
7139 7140
5812 5813
263 264
8323 8324
2453 2454
6341 6342
792 793
3637 3638
8852 8853
1655 1656
5543 5544
9715 9716
4166 4167
8054 8055
857 858
4745 4746
6677 6678
8917 8918
3368 3369
7256 7257
1991 1992
5879 5880
330 331
2570 2571
4502 4503
8390 8391
1193 1194
5081 5082
9253 9254
3704 3705
7592 7593
395 396
9782 9783
2906 2907
924 925
5096 5097
1529 1530
8984 8985
3435 3436
7607 7608
126 127
4298 4299
731 732
5946 5947
8186 8187
2637 2638
6809 6810
1260 1261
5148 5149
9320 9321
1839 1840
3771 3772
6011 6012
7943 7944
462 463
8522 8523
2973 2974
7145 7146
3836 3837
9051 9052
2175 2176
193 194
6347 6348
4365 4366
798 799
8253 8254
4686 4687
8858 8859
6876 6877
5549 5550
3567 3568
0 1
7455 7456
3888 3889
8060 8061
2190 2191
6078 6079
529 530
4701 4702
8589 8590
1392 1393
3040 3041
5280 5281
9452 9453
3903 3904
7791 7792
594 595
6414 6415
8654 8655
3105 3106
6993 6994
1728 1729
5616 5617
3634 3635
67 68
2307 2308
4239 4240
8127 8128
930 931
4818 4819
8990 8991
3441 3442
7329 7330
132 133
5347 5348
9519 9520
2643 2644
661 662
8721 8722
3172 3173
7344 7345
4035 4036
468 469
5683 5684
7923 7924
9855 9856
2374 2375
6546 6547
8194 8195
997 998
4885 4886
9057 9058
1576 1577
3508 3509
5748 5749
199 200
8259 8260
2710 2711
6882 6883
8788 8789
1912 1913
6084 6085
9972 9973
4102 4103
535 536
7990 7991
4423 4424
6613 6614
3304 3305
7192 7193
7797 7798
1927 1928
5815 5816
9987 9988
266 267
4438 4439
8326 8327
1129 1130
2777 2778
5017 5018
9189 9190
3640 3641
7528 7529
331 332
1979 1980
6151 6152
8391 8392
602 603
2842 2843
6730 6731
5353 5354
3371 3372
3976 3977
7864 7865
667 668
4555 4556
8727 8728
6745 6746
3178 3179
7066 7067
1196 1197
5084 5085
9256 9257
2380 2381
398 399
8458 8459
2909 2910
7081 7082
3772 3773
205 206
5420 5421
7660 7661
9592 9593
2111 2112
6283 6284
734 735
2974 2975
4622 4623
8794 8795
1313 1314
3245 3246
5485 5486
3824 3825
7996 7997
2447 2448
6619 6620
8525 8526
1649 1650
5821 5822
9709 9710
3839 3840
272 273
7727 7728
6350 6351
3041 3042
6929 6930
7534 7535
1664 1665
5552 5553
3 4
4175 4176
8063 8064
866 867
2514 2515
4754 4755
8926 8927
3377 3378
7265 7266
68 69
1716 1717
5888 5889
8128 8129
9776 9777
2579 2580
6467 6468
5090 5091
3108 3109
3713 3714
7601 7602
404 405
4292 4293
6482 6483
2915 2916
6803 6804
933 934
4821 4822
8993 8994
2117 2118
135 136
4023 4024
8195 8196
2646 2647
6818 6819
5157 5158
7397 7398
9329 9330
1848 1849
6020 6021
9908 9909
471 472
2711 2712
4359 4360
8531 8532
1050 1051
2982 2983
5222 5223
6870 6871
3561 3562
7733 7734
2184 2185
8262 8263
1386 1387
5558 5559
3576 3577
9 10
7464 7465
1915 1916
6087 6088
9975 9976
2778 2779
6666 6667
8598 8599
7271 7272
5289 5290
3912 3913
7800 7801
603 604
2251 2252
4491 4492
8663 8664
3114 3115
7002 7003
1453 1454
5625 5626
7865 7866
9513 9514
2316 2317
655 656
4827 4828
8715 8716
2845 2846
7017 7018
3450 3451
5356 5357
4029 4030
2047 2048
6219 6220
2652 2653
6540 6541
670 671
4558 4559
8730 8731
1854 1855
3760 3761
7932 7933
2383 2384
6555 6556
4894 4895
7134 7135
9066 9067
1585 1586
5757 5758
9645 9646
208 209
2448 2449
4096 4097
8268 8269
787 788
2719 2720
4959 4960
6607 6608
3298 3299
7470 7471
5488 5489
1921 1922
9981 9982
7999 8000
1123 1124
5295 5296
3313 3314
7201 7202
1652 1653
5824 5825
9712 9713
2515 2516
6403 6404
8335 8336
5026 5027
8914 8915
3649 3650
7537 7538
340 341
1988 1989
4228 4229
6160 6161
2851 2852
6739 6740
1190 1191
5362 5363
9250 9251
2053 2054
392 393
4564 4565
8452 8453
2582 2583
6754 6755
5093 5094
3766 3767
1784 1785
5956 5957
2389 2390
9844 9845
6277 6278
407 408
4295 4296
8467 8468
2918 2919
1591 1592
6806 6807
9046 9047
3497 3498
7669 7670
2120 2121
4631 4632
6871 6872
8803 8804
1322 1323
5494 5495
9382 9383
3833 3834
1851 1852
8005 8006
524 525
2456 2457
4696 4697
6344 6345
9911 9912
3035 3036
7207 7208
5225 5226
1658 1659
9113 9114
5546 5547
9718 9719
7736 7737
860 861
3050 3051
6938 6939
1389 1390
5561 5562
9449 9450
2252 2253
6140 6141
8072 8073
591 592
4763 4764
8651 8652
1454 1455
3386 3387
7274 7275
1725 1726
3965 3966
5897 5898
9785 9786
2588 2589
6476 6477
927 928
8666 8667
5099 5100
8987 8988
1790 1791
7005 7006
9850 9851
129 130
4301 4302
8189 8190
2319 2320
4830 4831
1521 1522
5693 5694
2126 2127
9581 9582
6014 6015
144 145
4032 4033
8204 8205
2655 2656
4895 4896
1328 1329
6543 6544
8783 8784
3234 3235
7406 7407
1857 1858
9917 9918
4368 4369
6608 6609
8540 8541
1059 1060
5231 5232
9119 9120
3570 3571
1588 1589
7742 7743
2193 2194
4433 4434
9648 9649
2772 2773
790 791
6944 6945
4962 4963
1395 1396
8850 8851
5283 5284
9455 9456
7473 7474
597 598
9984 9985
2787 2788
6675 6676
1126 1127
5298 5299
9186 9187
1989 1990
5877 5878
7809 7810
328 329
4500 4501
8388 8389
1191 1192
7011 7012
1462 1463
3702 3703
5634 5635
9522 9523
2325 2326
6213 6214
4231 4232
664 665
8403 8404
4836 4837
8724 8725
1527 1528
6742 6743
9587 9588
4038 4039
7926 7927
2056 2057
4567 4568
1258 1259
5430 5431
1863 1864
7078 7079
5751 5752
9318 9319
3769 3770
7941 7942
2392 2393
4632 4633
6280 6281
2971 2972
7143 7144
1594 1595
5482 5483
9654 9655
217 218
4105 4106
6345 6346
8277 8278
796 797
8856 8857
3307 3308
1325 1326
7479 7480
4170 4171
9385 9386
2509 2510
527 528
6681 6682
4699 4700
1132 1133
8587 8588
5020 5021
9192 9193
7210 7211
334 335
9721 9722
2524 2525
6412 6413
863 864
5035 5036
8923 8924
1726 1727
3374 3375
5614 5615
7546 7547
9786 9787
65 66
4237 4238
8125 8126
928 929
6748 6749
1199 1200
3439 3440
5371 5372
2062 2063
5950 5951
3968 3969
401 402
8140 8141
4573 4574
8461 8462
1264 1265
6479 6480
3775 3776
1793 1794
5681 5682
9853 9854
4304 4305
8476 8477
995 996
6815 6816
9055 9056
3506 3507
7678 7679
197 198
2129 2130
4369 4370
6017 6018
2708 2709
6880 6881
1331 1332
5219 5220
9391 9392
7409 7410
3842 3843
6082 6083
533 534
8593 8594
3044 3045
1062 1063
7216 7217
5234 5235
3907 3908
9122 9123
3573 3574
2246 2247
264 265
6418 6419
4436 4437
869 870
8324 8325
4757 4758
8929 8930
6947 6948
3638 3639
71 72
7526 7527
9458 9459
2261 2262
6149 6150
600 601
4772 4773
8660 8661
1463 1464
3111 3112
5351 5352
7283 7284
9523 9524
3974 3975
7862 7863
665 666
6485 6486
936 937
3176 3177
1799 1800
5687 5688
3705 3706
138 139
7877 7878
4310 4311
8198 8199
1001 1002
6216 6217
3512 3513
1530 1531
5418 5419
9590 9591
4041 4042
8213 8214
732 733
6552 6553
8792 8793
3243 3244
7415 7416
1866 1867
4106 4107
5754 5755
9926 9927
2445 2446
4377 4378
6617 6618
8265 8266
1068 1069
4956 4957
9128 9129
7146 7147
3579 3580
270 271
8330 8331
2781 2782
799 800
6953 6954
4971 4972
8859 8860
3310 3311
1983 1984
1 2
6155 6156
4173 4174
606 607
8061 8062
4494 4495
6684 6685
1135 1136
3375 3376
7263 7264
9195 9196
1998 1999
5886 5887
337 338
4509 4510
8397 8398
1200 1201
2848 2849
5088 5089
7020 7021
9260 9261
3711 3712
7599 7600
402 403
2050 2051
6222 6223
2913 2914
5424 5425
3442 3443
7614 7615
4047 4048
7935 7936
738 739
5953 5954
6816 6817
3249 3250
8464 8465
1267 1268
5155 5156
9327 9328
3778 3779
469 470
4357 4358
6289 6290
8529 8530
2980 2981
7152 7153
1603 1604
5491 5492
9663 9664
2182 2183
4114 4115
6354 6355
805 806
4693 4694
8865 8866
6883 6884
3316 3317
7 8
9394 9395
8067 8068
2518 2519
536 537
4708 4709
8596 8597
3047 3048
5892 5893
3910 3911
343 344
7798 7799
2249 2250
6421 6422
872 873
3112 3113
7000 7001
8932 8933
5623 5624
74 75
4246 4247
8134 8135
937 938
2585 2586
4825 4826
6757 6758
8997 8998
3448 3449
7336 7337
1787 1788
5959 5960
9847 9848
2650 2651
5161 5162
3179 3180
7351 7352
3784 3785
7672 7673
475 476
5690 5691
9862 9863
2381 2382
6553 6554
2986 2987
8201 8202
1004 1005
4892 4893
9064 9065
3515 3516
206 207
4094 4095
6026 6027
8266 8267
2717 2718
6889 6890
1340 1341
5228 5229
9400 9401
1919 1920
6091 6092
542 543
4430 4431
8602 8603
6620 6621
3053 3054
6941 6942
9131 9132
7804 7805
2255 2256
273 274
4445 4446
8333 8334
2784 2785
5629 5630
3647 3648
7535 7536
1986 1987
6158 6159
609 610
2849 2850
8669 8670
5360 5361
9248 9249
3983 3984
7871 7872
674 675
2322 2323
4562 4563
5889 5890
6494 6495
3185 3186
7073 7074
1524 1525
5696 5697
9584 9585
2387 2388
726 727
4898 4899
2916 2917
7088 7089
3521 3522
5427 5428
9599 9600
2118 2119
6290 6291
2723 2724
7938 7939
741 742
4629 4630
8801 8802
3252 3253
7140 7141
3831 3832
5763 5764
8003 8004
9935 9936
2454 2455
1077 1078
4965 4966
9137 9138
1656 1657
5828 5829
279 280
4167 4168
2185 2186
8339 8340
6357 6358
2790 2791
6678 6679
8868 8869
5559 5560
1992 1993
10 11
4182 4183
8070 8071
2521 2522
6693 6694
5366 5367
3384 3385
5032 5033
7272 7273
1723 1724
5895 5896
9783 9784
346 347
2586 2587
8406 8407
925 926
5097 5098
8985 8986
3720 3721
7608 7609
5626 5627
2059 2060
4299 4300
6231 6232
2922 2923
6810 6811
1261 1262
5433 5434
9321 9322
3451 3452
2124 2125
463 464
4635 4636
2653 2654
5164 5165
9336 9337
1855 1856
6027 6028
2460 2461
7675 7676
9915 9916
478 479
4366 4367
8538 8539
2989 2990
6877 6878
3568 3569
5500 5501
7740 7741
9672 9673
2191 2192
814 815
4702 4703
8874 8875
1393 1394
5565 5566
16 17
3904 3905
1922 1923
8076 8077
6094 6095
2527 2528
9982 9983
6415 6416
8605 8606
5296 5297
1729 1730
9184 9185
9789 9790
3919 3920
7807 7808
2258 2259
6430 6431
3121 3122
4769 4770
7009 7010
1460 1461
5632 5633
9520 9521
83 84
2323 2324
8143 8144
662 663
4834 4835
8722 8723
3457 3458
7345 7346
5363 5364
1796 1797
5968 5969
9856 9857
2659 2660
6547 6548
998 999
8737 8738
5170 5171
9058 9059
3188 3189
1861 1862
7076 7077
200 201
4372 4373
2390 2391
4901 4902
9073 9074
1592 1593
5764 5765
2197 2198
7412 7413
9652 9653
215 216
4103 4104
8275 8276
2726 2727
4966 4967
6614 6615
3305 3306
5237 5238
7477 7478
1928 1929
5816 5817
9988 9989
551 552
4439 4440
8611 8612
1130 1131
3641 3642
1659 1660
7813 7814
5831 5832
2264 2265
9719 9720
8342 8343
861 862
5033 5034
1466 1467
8921 8922
9526 9527
3656 3657
7544 7545
1995 1996
6167 6168
2858 2859
4506 4507
6746 6747
1197 1198
5369 5370
9257 9258
2060 2061
3708 3709
7880 7881
399 400
4571 4572
8459 8460
7082 7083
5100 5101
1533 1534
5705 5706
9593 9594
2396 2397
7611 7612
6284 6285
4302 4303
735 736
8474 8475
4907 4908
8795 8796
2925 2926
6813 6814
4109 4110
2127 2128
750 751
4638 4639
8810 8811
1329 1330
7149 7150
9389 9390
3840 3841
8012 8013
2463 2464
4703 4704
6351 6352
3042 3043
4974 4975
7214 7215
1665 1666
5553 5554
9725 9726
288 289
4176 4177
8348 8349
867 868
3378 3379
1396 1397
7550 7551
5568 5569
9456 9457
8079 8080
598 599
4770 4771
1203 1204
8658 8659
7281 7282
1732 1733
5904 5905
9792 9793
2595 2596
4243 4244
6483 6484
8415 8416
934 935
5106 5107
8994 8995
1797 1798
3445 3446
7617 7618
136 137
4308 4309
6819 6820
4837 4838
1270 1271
9009 9010
5442 5443
2133 2134
7348 7349
6021 6022
151 152
4039 4040
472 473
8211 8212
4644 4645
8532 8533
2662 2663
6550 6551
3846 3847
1864 1865
5752 5753
9924 9925
487 488
4375 4376
8547 8548
1066 1067
6886 6887
9126 9127
3577 3578
7749 7750
2200 2201
4440 4441
6088 6089
2779 2780
4711 4712
6951 6952
8599 8600
1402 1403
5290 5291
9462 9463
25 26
7480 7481
3913 3914
604 605
9991 9992
3115 3116
1133 1134
7287 7288
5305 5306
9193 9194
3644 3645
7816 7817
335 336
4507 4508
940 941
8395 8396
7018 7019
1469 1470
3709 3710
5641 5642
9529 9530
2332 2333
3980 3981
6220 6221
8152 8153
671 672
4843 4844
8731 8732
1534 1535
3182 3183
7354 7355
4045 4046
2384 2385
6556 6557
4574 4575
1007 1008
8746 8747
7085 7086
3776 3777
209 210
7948 7949
4381 4382
8269 8270
2399 2400
6287 6288
4910 4911
3583 3584
1601 1602
5489 5490
9661 9662
224 225
4112 4113
803 804
6623 6624
8863 8864
3314 3315
7486 7487
1937 1938
4177 4178
5825 5826
3843 3844
276 277
2516 2517
9997 9998
4448 4449
6688 6689
8336 8337
1139 1140
5027 5028
9199 9200
7217 7218
3650 3651
1668 1669
341 342
9728 9729
2852 2853
870 871
7024 7025
5042 5043
8930 8931
3381 3382
7553 7554
72 73
4244 4245
677 678
8132 8133
6755 6756
1206 1207
3446 3447
5378 5379
9266 9267
3717 3718
5957 5958
7889 7890
408 409
4580 4581
8468 8469
1271 1272
2919 2920
7091 7092
3782 3783
2121 2122
6293 6294
4311 4312
8483 8484
6822 6823
3513 3514
7685 7686
4118 4119
8006 8007
2136 2137
6024 6025
4647 4648
6887 6888
8535 8536
1338 1339
5226 5227
9398 9399
3849 3850
540 541
2472 2473
6360 6361
8600 8601
3051 3052
7223 7224
1674 1675
5562 5563
3580 3581
13 14
9734 9735
4185 4186
6425 6426
876 877
4764 4765
8936 8937
6954 6955
3387 3388
7275 7276
1405 1406
78 79
9465 9466
2589 2590
607 608
4779 4780
8667 8668
3118 3119
7290 7291
3981 3982
414 415
7869 7870
9801 9802
2320 2321
6492 6493
943 944
3183 3184
5115 5116
9003 9004
3454 3455
5694 5695
7626 7627
145 146
4317 4318
8205 8206
1008 1009
2656 2657
6223 6224
6828 6829
3519 3520
8734 8735
1858 1859
6030 6031
4048 4049
6559 6560
3250 3251
7422 7423
3855 3856
9070 9071
7743 7744
1873 1874
5761 5762
9933 9934
212 213
2452 2453
4384 4385
6624 6625
8272 8273
1075 1076
4963 4964
9135 9136
3586 3587
277 278
2209 2210
6097 6098
8337 8338
2788 2789
1411 1412
5299 5300
3317 3318
9471 9472
6162 6163
613 614
4501 4502
2519 2520
8673 8674
6691 6692
3124 3125
7012 7013
1142 1143
9202 9203
2326 2327
344 345
4516 4517
8404 8405
2855 2856
7027 7028
3718 3719
7606 7607
9538 9539
2057 2058
6229 6230
680 681
2920 2921
8740 8741
3191 3192
5431 5432
7363 7364
4054 4055
7942 7943
5960 5961
2393 2394
6565 6566
3256 3257
8471 8472
1595 1596
5767 5768
3785 3786
6296 6297
2987 2988
7159 7160
3592 3593
8807 8808
1610 1611
5498 5499
9670 9671
2189 2190
4121 4122
6361 6362
8009 8010
812 813
4700 4701
6632 6633
8872 8873
3323 3324
7211 7212
14 15
1946 1947
9401 9402
5834 5835
2525 2526
1148 1149
5036 5037
3054 3055
9208 9209
7226 7227
5899 5900
350 351
4238 4239
2256 2257
8410 8411
6428 6429
2861 2862
6749 6750
879 880
8939 8940
5630 5631
2063 2064
9518 9519
81 82
4253 4254
8141 8142
2592 2593
6764 6765
3455 3456
5103 5104
7343 7344
9275 9276
1794 1795
5966 5967
9854 9855
417 418
2657 2658
8477 8478
996 997
2928 2929
5168 5169
3791 3792
7679 7680
5697 5698
2130 2131
9869 9870
6302 6303
2993 2994
8208 8209
1332 1333
5504 5505
3522 3523
7410 7411
6033 6034
2724 2725
8544 8545
1347 1348
5235 5236
9407 9408
1926 1927
3858 3859
6098 6099
7746 7747
549 550
4437 4438
6369 6370
8609 8610
3060 3061
6948 6949
1683 1684
9138 9139
5571 5572
2262 2263
885 886
4773 4774
2791 2792
8945 8946
6963 6964
87 88
5302 5303
1993 1994
8147 8148
6165 6166
2598 2599
6486 6487
616 617
8676 8677
1195 1196
3127 3128
5367 5368
1800 1801
9255 9256
3990 3991
7878 7879
2329 2330
6501 6502
3192 3193
4840 4841
7080 7081
9012 9013
1531 1532
5703 5704
9591 9592
154 155
2394 2395
8214 8215
733 734
4905 4906
7416 7417
1546 1547
5434 5435
1867 1868
9606 9607
6039 6040
9927 9928
2730 2731
7945 7946
1069 1070
8808 8809
5241 5242
3259 3260
7147 7148
5770 5771
9942 9943
2461 2462
8281 8282
1084 1085
4972 4973
9144 9145
1663 1664
3595 3596
5835 5836
7483 7484
286 287
1934 1935
4174 4175
6106 6107
8346 8347
2797 2798
6685 6686
8875 8876
5308 5309
1999 2000
622 623
4510 4511
2528 2529
8682 8683
6700 6701
5039 5040
1730 1731
7884 7885
5902 5903
2335 2336
9790 9791
353 354
8413 8414
932 933
2864 2865
5104 5105
8992 8993
3727 3728
7615 7616
2066 2067
6238 6239
689 690
2929 2930
4577 4578
6817 6818
8144 8145
8749 8750
1268 1269
5440 5441
9328 9329
3779 3780
7951 7952
4642 4643
7153 7154
1283 1284
5171 5172
1604 1605
9343 9344
5776 5777
9664 9665
2467 2468
7682 7683
4373 4374
806 807
8545 8546
4978 4979
2996 2997
6884 6885
5507 5508
2198 2199
6086 6087
8018 8019
821 822
4709 4710
8881 8882
1400 1401
3332 3333
7220 7221
23 24
1671 1672
3911 3912
8083 8084
2534 2535
6422 6423
8612 8613
5045 5046
1736 1737
359 360
4247 4248
2265 2266
6437 6438
4776 4777
8948 8949
1467 1468
7621 7622
5639 5640
9527 9528
90 91
3978 3979
8150 8151
669 670
2601 2602
4841 4842
7352 7353
1803 1804
5975 5976
9863 9864
426 427
2666 2667
4314 4315
6554 6555
7881 7882
8486 8487
1005 1006
5177 5178
9065 9066
3516 3517
7688 7689
5706 5707
4379 4380
6890 6891
1020 1021
4908 4909
1341 1342
9080 9081
5513 5514
7419 7420
222 223
4110 4111
543 544
8282 8283
4715 4716
9930 9931
2733 2734
6621 6622
5244 5245
1935 1936
5823 5824
7755 7756
9995 9996
558 559
4446 4447
8618 8619
1137 1138
3069 3070
6957 6958
3648 3649
7820 7821
2271 2272
6159 6160
8349 8350
4782 4783
8670 8671
1473 1474
7551 7552
3984 3985
2002 2003
6174 6175
4513 4514
8685 8686
1204 1205
5376 5377
9264 9265
3715 3716
7887 7888
406 407
2338 2339
4578 4579
6510 6511
4849 4850
7089 7090
1540 1541
5712 5713
9600 9601
163 164
2403 2404
4051 4052
7618 7619
8223 8224
742 743
4914 4915
8802 8803
3253 3254
7425 7426
5443 5444
4116 4117
2455 2456
6627 6628
757 758
4645 4646
1078 1079
8817 8818
7156 7157
3847 3848
280 281
8019 8020
4452 4453
9667 9668
2470 2471
6358 6359
4981 4982
8869 8870
1672 1673
5560 5561
7492 7493
9732 9733
295 296
4183 4184
874 875
2806 2807
6694 6695
3385 3386
7557 7558
2008 2009
5896 5897
3914 3915
347 348
8086 8087
4519 4520
8407 8408
1210 1211
7288 7289
3721 3722
1739 1740
5911 5912
9799 9800
4250 4251
8422 8423
941 942
5113 5114
6761 6762
9001 9002
3452 3453
7624 7625
143 144
2075 2076
4315 4316
2654 2655
6826 6827
1277 1278
5449 5450
9337 9338
7355 7356
3788 3789
7960 7961
479 480
4651 4652
8539 8540
2990 2991
7162 7163
5180 5181
9068 9069
6364 6365
494 495
4382 4383
3005 3006
6893 6894
1344 1345
3584 3585
17 18
7756 7757
4189 4190
9404 9405
2207 2208
6095 6096
546 547
4718 4719
6958 6959
8606 8607
1409 1410
5297 5298
7229 7230
9469 9470
3920 3921
611 612
2543 2544
6431 6432
3122 3123
7294 7295
1745 1746
5633 5634
3651 3652
84 85
9805 9806
7823 7824
4256 4257
947 948
7025 7026
3458 3459
1476 1477
5648 5649
9536 9537
3987 3988
8159 8160
678 679
4850 4851
6498 6499
8738 8739
3189 3190
7361 7362
1812 1813
4052 4053
9872 9873
2391 2392
6563 6564
1014 1015
5186 5187
9074 9075
7092 7093
3525 3526
7697 7698
216 217
4388 4389
9603 9604
8276 8277
6294 6295
2727 2728
745 746
6899 6900
4917 4918
8805 8806
6101 6102
4119 4120
2742 2743
6630 6631
1081 1082
3321 3322
7493 7494
3926 3927
9141 9142
1944 1945
5832 5833
283 284
4455 4456
6695 6696
8343 8344
1146 1147
5034 5035
6966 6967
9206 9207
3657 3658
7545 7546
2280 2281
6168 6169
2859 2860
1482 1483
5370 5371
3388 3389
9542 9543
7560 7561
684 685
2590 2591
6762 6763
3195 3196
1213 1214
5385 5386
9273 9274
3724 3725
7896 7897
415 416
4587 4588
6235 6236
8475 8476
2926 2927
7098 7099
1549 1550
3789 3790
5437 5438
9609 9610
2128 2129
6300 6301
751 752
8811 8812
6829 6830
3262 3263
7434 7435
4125 4126
9340 9341
2143 2144
6031 6032
2464 2465
482 483
6636 6637
4654 4655
8542 8543
7165 7166
5838 5839
3856 3857
2479 2480
6367 6368
818 819
3058 3059
8878 8879
1681 1682
5569 5570
9741 9742
20 21
4192 4193
6432 6433
8080 8081
883 884
4771 4772
6703 6704
8943 8944
3394 3395
7282 7283
2017 2018
9472 9473
5905 5906
3923 3924
2596 2597
1219 1220
5107 5108
3125 3126
9279 9280
7297 7298
421 422
5636 5637
9808 9809
2327 2328
6499 6500
2932 2933
950 951
9010 9011
3461 3462
5701 5702
7633 7634
152 153
4324 4325
5972 5973
8212 8213
2663 2664
6835 6836
1286 1287
3526 3527
5174 5175
9346 9347
1865 1866
6037 6038
488 489
8548 8549
6566 6567
2999 3000
3862 3863
9077 9078
1880 1881
5768 5769
2201 2202
9940 9941
219 220
6373 6374
4391 4392
8279 8280
6902 6903
3593 3594
7481 7482
2216 2217
6104 6105
555 556
2795 2796
4727 4728
8615 8616
1418 1419
5306 5307
9478 9479
3929 3930
7817 7818
620 621
6440 6441
8680 8681
3131 3132
7019 7020
5321 5322
1754 1755
9209 9210
5642 5643
3660 3661
2333 2334
956 957
4844 4845
2862 2863
9016 9017
7034 7035
158 159
5373 5374
9545 9546
2064 2065
6236 6237
2669 2670
687 688
8747 8748
3198 3199
5438 5439
7370 7371
4061 4062
5709 5710
7949 7950
9881 9882
2400 2401
6572 6573
1023 1024
3263 3264
4911 4912
9083 9084
1602 1603
5774 5775
225 226
4113 4114
8285 8286
6303 6304
8814 8815
1617 1618
5505 5506
1938 1939
9677 9678
6110 6111
9998 9999
4128 4129
8016 8017
6639 6640
8879 8880
3330 3331
7218 7219
1953 1954
5841 5842
292 293
2532 2533
4464 4465
8352 8353
1155 1156
5043 5044
9215 9216
3666 3667
7554 7555
357 358
2005 2006
5572 5573
6177 6178
8417 8418
2868 2869
6756 6757
886 887
8946 8947
5379 5380
3397 3398
693 694
4581 4582
2599 2600
8753 8754
6771 6772
1222 1223
5110 5111
9282 9283
1801 1802
5973 5974
2406 2407
9861 9862
424 425
4312 4313
8484 8485
2935 2936
5175 5176
7107 7108
5446 5447
7686 7687
9618 9619
2137 2138
6309 6310
760 761
3000 3001
4648 4649
8215 8216
8820 8821
1339 1340
5511 5512
3850 3851
8022 8023
6040 6041
8551 8552
1354 1355
5242 5243
1675 1676
9414 9415
5847 5848
9735 9736
3865 3866
7753 7754
2204 2205
4444 4445
6376 6377
8616 8617
3067 3068
6955 6956
8887 8888
5578 5579
29 30
2269 2270
4201 4202
8089 8090
892 893
4780 4781
8952 8953
3403 3404
7291 7292
94 95
1742 1743
5309 5310
9481 9482
8154 8155
2605 2606
6493 6494
623 624
8683 8684
5116 5117
9004 9005
3134 3135
430 431
4318 4319
2336 2337
6508 6509
959 960
4847 4848
9019 9020
1538 1539
5710 5711
9598 9599
161 162
4049 4050
8221 8222
2672 2673
4912 4913
6844 6845
5183 5184
7423 7424
1874 1875
6046 6047
9934 9935
497 498
2737 2738
4385 4386
7952 7953
8557 8558
1076 1077
5248 5249
3587 3588
7759 7760
5777 5778
8288 8289
1091 1092
4979 4980
1412 1413
9151 9152
5584 5585
3602 3603
7490 7491
293 294
1941 1942
4181 4182
6113 6114
8353 8354
2804 2805
6692 6693
8624 8625
5315 5316
9203 9204
2006 2007
3938 3939
7826 7827
629 630
4517 4518
3140 3141
7028 7029
5046 5047
9218 9219
2342 2343
360 361
4248 4249
681 682
8420 8421
4853 4854
8741 8742
2871 2872
7043 7044
5382 5383
7622 7623
4055 4056
2073 2074
6245 6246
696 697
4584 4585
8756 8757
1275 1276
5447 5448
7095 7096
9335 9336
3786 3787
7958 7959
2409 2410
4649 4650
4920 4921
7160 7161
1611 1612
5783 5784
9671 9672
234 235
7689 7690
4122 4123
2140 2141
8294 8295
813 814
4985 4986
3324 3325
7496 7497
5514 5515
8025 8026
828 829
4716 4717
1149 1150
8888 8889
3339 3340
7227 7228
30 31
1678 1679
3918 3919
5850 5851
8090 8091
9738 9739
2541 2542
6429 6430
8361 8362
880 881
5052 5053
8940 8941
1743 1744
3675 3676
7563 7564
4254 4255
2877 2878
6765 6766
4783 4784
8955 8956
2079 2080
97 98
3985 3986
418 419
8157 8158
4590 4591
8478 8479
2608 2609
5119 5120
7359 7360
1810 1811
5982 5983
9870 9871
433 434
4321 4322
8493 8494
1012 1013
2944 2945
5184 5185
6832 6833
9072 9073
3523 3524
7695 7696
2146 2147
6897 6898
1348 1349
5520 5521
9408 9409
3538 3539
7426 7427
3859 3860
1877 1878
8031 8032
550 551
4722 4723
9937 9938
3061 3062
7233 7234
5251 5252
9139 9140
7762 7763
565 566
4453 4454
3076 3077
6964 6965
1415 1416
3655 3656
5587 5588
7827 7828
9475 9476
2278 2279
6166 6167
8098 8099
617 618
4789 4790
8677 8678
1480 1481
3412 3413
7300 7301
3991 3992
2614 2615
6502 6503
4520 4521
8692 8693
1816 1817
7031 7032
3722 3723
155 156
9876 9877
7894 7895
4327 4328
2345 2346
2924 2925
4856 4857
7096 7097
1547 1548
5719 5720
9607 9608
170 171
4058 4059
8230 8231
749 750
2681 2682
4921 4922
6569 6570
8809 8810
3260 3261
7432 7433
1883 1884
5771 5772
9943 9944
6634 6635
1085 1086
9145 9146
3275 3276
7163 7164
3596 3597
1614 1615
7768 7769
4459 4460
9674 9675
6365 6366
2798 2799
816 817
6970 6971
4988 4989
8876 8877
7499 7500
4190 4191
2813 2814
6701 6702
1152 1153
3392 3393
5324 5325
7564 7565
9212 9213
2015 2016
3663 3664
5903 5904
354 355
4526 4527
8414 8415
1217 1218
7037 7038
3728 3729
2351 2352
6239 6240
4257 4258
8429 8430
1553 1554
6768 6769
3459 3460
9613 9614
7631 7632
2082 2083
2661 2662
4593 4594
6833 6834
8765 8766
1284 1285
7104 7105
9344 9345
3795 3796
7967 7968
486 487
2418 2419
4658 4659
6306 6307
9873 9874
2997 2998
7169 7170
1620 1621
5508 5509
9680 9681
7698 7699
6371 6372
822 823
8882 8883
3012 3013
6900 6901
3333 3334
1351 1352
7505 7506
4196 4197
9411 9412
2214 2215
6102 6103
2535 2536
553 554
6707 6708
4725 4726
8613 8614
7236 7237
3927 3928
7815 7816
9747 9748
2550 2551
6438 6439
889 890
3129 3130
5061 5062
8949 8950
1752 1753
5640 5641
9812 9813
91 92
4263 4264
8151 8152
954 955
6774 6775
3465 3466
2088 2089
9543 9544
5976 5977
3994 3995
8166 8167
1290 1291
6505 6506
3196 3197
7368 7369
1819 1820
5707 5708
9879 9880
2398 2399
4330 4331
6570 6571
8502 8503
1021 1022
6841 6842
9081 9082
3532 3533
7704 7705
223 224
2155 2156
4395 4396
6043 6044
9610 9611
2734 2735
6906 6907
1357 1358
5245 5246
9417 9418
7435 7436
559 560
8619 8620
2749 2750
6637 6638
3070 3071
1088 1089
5260 5261
9148 9149
1951 1952
3599 3600
5839 5840
2272 2273
290 291
6444 6445
4462 4463
8350 8351
6973 6974
3664 3665
7552 7553
9484 9485
2287 2288
6175 6176
626 627
2866 2867
4798 4799
8686 8687
1489 1490
5377 5378
9549 9550
4000 4001
7888 7889
691 692
2339 2340
5906 5907
6511 6512
3202 3203
9280 9281
5713 5714
3731 3732
7903 7904
1027 1028
6242 6243
2933 2934
7105 7106
1556 1557
5444 5445
9616 9617
2135 2136
4067 4068
6307 6308
758 759
8818 8819
3269 3270
7441 7442
1892 1893
4132 4133
5780 5781
9347 9348
9952 9953
2471 2472
6643 6644
1094 1095
4982 4983
9154 9155
7172 7173
296 297
8356 8357
2486 2487
6374 6375
825 826
4997 4998
8885 8886
1688 1689
3336 3337
5576 5577
9748 9749
27 28
6181 6182
4199 4200
8087 8088
6710 6711
8950 8951
1161 1162
3401 3402
7289 7290
9221 9222
5912 5913
363 364
4535 4536
8423 8424
1226 1227
5114 5115
9286 9287
3737 3738
7625 7626
1755 1756
428 429
2076 2077
5643 5644
9815 9816
6248 6249
2939 2940
957 958
9017 9018
5450 5451
3468 3469
7640 7641
764 765
5979 5980
2670 2671
6842 6843
8490 8491
1293 1294
5181 5182
9353 9354
1872 1873
3804 3805
6044 6045
495 496
4383 4384
8555 8556
3006 3007
7178 7179
1629 1630
9084 9085
5517 5518
9689 9690
2208 2209
6380 6381
831 832
8286 8287
4719 4720
8891 8892
6909 6910
33 34
9420 9421
8093 8094
2223 2224
6111 6112
562 563
4734 4735
8622 8623
1425 1426
3073 3074
5313 5314
9485 9486
5918 5919
3936 3937
7824 7825
2275 2276
6447 6448
8687 8688
898 899
3138 3139
7026 7027
8958 8959
5649 5650
100 101
4272 4273
8160 8161
963 964
4851 4852
9023 9024
3474 3475
7362 7363
1492 1493
5380 5381
1813 1814
9552 9553
2676 2677
694 695
4582 4583
1015 1016
8754 8755
5187 5188
3205 3206
7377 7378
5716 5717
9888 9889
2407 2408
6579 6580
8227 8228
1030 1031
4918 4919
9090 9091
1609 1610
3541 3542
5781 5782
232 233
4120 4121
8292 8293
2743 2744
1366 1367
8821 8822
5254 5255
1945 1946
6117 6118
4135 4136
568 569
8023 8024
4456 4457
2474 2475
8628 8629
6646 6647
9157 9158
7830 7831
5848 5849
299 300
4471 4472
8359 8360
1162 1163
2810 2811
5050 5051
6982 6983
9222 9223
5655 5656
3673 3674
7561 7562
364 365
2012 2013
6184 6185
635 636
2875 2876
8695 8696
5386 5387
9274 9275
7576 7577
4009 4010
7897 7898
5915 5916
4588 4589
3211 3212
7099 7100
1229 1230
5117 5118
9289 9290
2413 2414
431 432
4319 4320
752 753
8491 8492
4924 4925
2942 2943
7114 7115
5453 5454
7693 7694
9625 9626
2144 2145
6316 6317
7964 7965
767 768
4655 4656
8827 8828
1346 1347
3278 3279
5518 5519
7166 7167
3857 3858
8029 8030
2480 2481
1103 1104
8558 8559
4991 4992
1682 1683
5854 5855
3872 3873
305 306
7760 7761
4193 4194
2211 2212
8365 8366
6383 6384
8894 8895
5585 5586
9473 9474
36 37
4208 4209
8096 8097
899 900
2547 2548
4787 4788
6719 6720
3410 3411
7298 7299
101 102
1749 1750
5921 5922
9809 9810
372 373
2612 2613
8432 8433
951 952
5123 5124
9011 9012
7313 7314
3746 3747
7634 7635
5652 5653
2948 2949
6836 6837
966 967
4854 4855
9026 9027
3477 3478
2150 2151
7365 7366
168 169
4056 4057
489 490
8228 8229
4661 4662
2679 2680
5190 5191
7430 7431
9362 9363
1881 1882
6053 6054
7701 7702
9941 9942
504 505
4392 4393
8564 8565
1083 1084
3015 3016
5255 5256
6903 6904
3594 3595
7766 7767
2217 2218
840 841
8295 8296
1419 1420
3609 3610
42 43
7497 7498
3930 3931
1948 1949
8102 8103
6120 6121
8631 8632
1150 1151
5322 5323
9210 9211
3945 3946
7833 7834
2284 2285
4524 4525
6456 6457
3147 3148
7035 7036
1486 1487
5658 5659
9546 9547
109 110
2349 2350
688 689
4860 4861
8748 8749
2878 2879
7371 7372
5389 5390
2685 2686
6573 6574
703 704
4591 4592
8763 8764
3214 3215
1887 1888
7102 7103
3793 3794
7965 7966
4398 4399
2416 2417
1039 1040
4927 4928
7167 7168
9099 9100
1618 1619
5790 5791
7438 7439
9678 9679
241 242
4129 4130
8301 8302
2752 2753
4992 4993
6640 6641
3331 3332
7503 7504
1954 1955
5842 5843
8032 8033
1156 1157
3346 3347
7234 7235
3667 3668
1685 1686
7839 7840
5857 5858
9745 9746
6436 6437
8368 8369
887 888
5059 5060
8947 8948
3682 3683
7570 7571
2021 2022
4261 4262
6193 6194
2884 2885
6772 6773
1223 1224
5395 5396
9283 9284
2086 2087
3734 3735
7301 7302
425 426
4597 4598
2615 2616
7108 7109
5126 5127
9298 9299
2422 2423
7637 7638
6310 6311
9877 9878
440 441
4328 4329
8500 8501
2951 2952
6839 6840
3530 3531
7702 7703
2153 2154
6041 6042
776 777
4664 4665
6904 6905
8836 8837
1355 1356
7175 7176
9415 9416
3866 3867
8038 8039
2489 2490
4729 4730
6377 6378
9944 9945
3068 3069
7240 7241
1691 1692
5579 5580
9751 9752
7769 7770
893 894
3083 3084
6971 6972
3404 3405
1422 1423
5594 5595
9482 9483
2285 2286
3933 3934
6173 6174
8105 8106
624 625
4796 4797
8684 8685
7307 7308
1758 1759
3998 3999
5930 5931
9818 9819
2621 2622
6509 6510
960 961
5132 5133
9020 9021
1823 1824
7038 7039
162 163
4334 4335
2352 2353
6845 6846
4863 4864
9035 9036
7374 7375
9614 9615
6047 6048
177 178
4065 4066
8237 8238
2688 2689
6576 6577
3267 3268
5199 5200
7439 7440
1890 1891
5778 5779
9950 9951
513 514
4401 4402
8573 8574
1092 1093
6912 6913
9152 9153
3603 3604
1621 1622
7775 7776
5793 5794
2226 2227
4466 4467
6114 6115
9681 9682
2805 2806
6977 6978
1428 1429
5316 5317
9488 9489
7506 7507
630 631
2820 2821
6708 6709
3141 3142
1159 1160
5331 5332
9219 9220
2022 2023
3670 3671
5910 5911
7842 7843
361 362
4533 4534
8421 8422
7044 7045
1495 1496
3735 3736
5667 5668
9555 9556
2358 2359
6246 6247
697 698
4869 4870
8757 8758
1560 1561
6775 6776
4071 4072
2089 2090
5977 5978
2410 2411
6582 6583
4600 4601
8772 8773
7111 7112
9351 9352
3802 3803
7974 7975
2425 2426
6313 6314
3004 3005
4936 4937
7176 7177
8824 8825
1627 1628
5515 5516
9687 9688
250 251
4138 4139
829 830
8889 8890
3340 3341
1358 1359
7512 7513
5530 5531
1963 1964
9418 9419
5851 5852
3869 3870
6714 6715
1165 1166
5053 5054
9225 9226
7243 7244
1694 1695
367 368
9754 9755
2557 2558
6445 6446
896 897
5068 5069
8956 8957
1759 1760
3407 3408
5647 5648
7579 7580
9819 9820
98 99
4270 4271
8158 8159
2609 2610
6781 6782
1232 1233
3472 3473
5404 5405
9292 9293
5983 5984
434 435
4606 4607
8494 8495
1297 1298
6512 6513
3808 3809
1826 1827
5714 5715
2147 2148
9886 9887
6319 6320
4337 4338
1028 1029
6848 6849
9088 9089
3539 3540
7711 7712
9359 9360
2162 2163
6050 6051
501 502
2741 2742
4673 4674
6913 6914
8561 8562
1364 1365
5252 5253
9424 9425
3875 3876
566 567
9953 9954
8626 8627
3077 3078
1095 1096
7249 7250
5267 5268
1700 1701
9155 9156
5588 5589
3606 3607
9760 9761
6451 6452
902 903
8357 8358
4790 4791
8962 8963
6980 6981
1431 1432
104 105
9491 9492
6182 6183
633 634
4805 4806
8693 8694
1496 1497
3144 3145
5384 5385
7316 7317
9556 9557
4007 4008
7895 7896
2346 2347
6518 6519
969 970
3209 3210
5141 5142
9029 9030
5720 5721
171 172
4343 4344
8231 8232
1034 1035
6249 6250
3545 3546
8760 8761
1563 1564
5451 5452
1884 1885
9623 9624
4074 4075
765 766
4653 4654
6585 6586
8825 8826
3276 3277
7448 7449
9096 9097
1899 1900
5787 5788
9959 9960
238 239
2478 2479
4410 4411
6650 6651
8298 8299
1101 1102
4989 4990
9161 9162
3612 3613
7500 7501
303 304
9690 9691
8363 8364
2814 2815
832 833
5004 5005
1437 1438
8892 8893
5325 5326
3343 3344
7515 7516
6188 6189
4206 4207
639 640
8094 8095
4527 4528
2545 2546
8699 8700
6717 6718
1168 1169
9228 9229
5919 5920
370 371
4542 4543
8430 8431
1233 1234
2881 2882
5121 5122
7053 7054
3744 3745
7632 7633
2083 2084
6255 6256
706 707
2946 2947
8766 8767
1285 1286
5457 5458
7647 7648
4080 4081
7968 7969
5986 5987
3282 3283
8497 8498
1300 1301
5188 5189
9360 9361
3811 3812
502 503
4390 4391
6322 6323
8562 8563
3013 3014
1636 1637
5524 5525
9696 9697
2215 2216
4147 4148
6387 6388
8035 8036
838 839
4726 4727
8898 8899
3349 3350
7237 7238
40 41
9427 9428
2551 2552
569 570
4741 4742
1174 1175
8629 8630
5062 5063
3080 3081
7252 7253
5925 5926
3943 3944
376 377
5591 5592
4264 4265
7831 7832
2282 2283
8436 8437
6454 6455
905 906
8965 8966
3416 3417
5656 5657
9544 9545
107 108
4279 4280
8167 8168
2618 2619
6790 6791
3481 3482
7369 7370
1820 1821
5992 5993
9880 9881
4010 4011
443 444
2683 2684
8503 8504
1022 1023
5194 5195
7384 7385
3817 3818
7705 7706
5723 5724
9895 9896
3019 3020
8234 8235
1037 1038
4925 4926
9097 9098
3548 3549
7436 7437
239 240
4127 4128
6059 6060
8299 8300
2750 2751
1373 1374
5261 5262
9433 9434
1952 1953
3884 3885
6124 6125
7772 7773
575 576
4463 4464
8635 8636
3086 3087
6974 6975
9164 9165
2288 2289
306 307
4478 4479
911 912
8366 8367
2817 2818
6989 6990
3680 3681
113 114
5328 5329
7568 7569
2019 2020
8173 8174
6191 6192
642 643
8702 8703
1221 1222
3153 3154
5393 5394
9281 9282
4016 4017
7904 7905
2355 2356
6527 6528
3218 3219
7106 7107
1557 1558
5729 5730
9617 9618
3747 3748
180 181
7635 7636
4068 4069
4931 4932
2949 2950
7442 7443
1572 1573
5460 5461
9632 9633
2756 2757
7971 7972
774 775
4662 4663
8834 8835
3285 3286
7173 7174
3864 3865
5796 5797
8036 8037
2487 2488
1110 1111
4998 4999
9170 9171
1689 1690
3621 3622
7509 7510
312 313
4200 4201
8372 8373
6390 6391
2823 2824
6711 6712
8901 8902
2025 2026
43 44
4215 4216
8103 8104
2554 2555
6726 6727
3417 3418
5065 5066
7305 7306
1756 1757
7910 7911
5928 5929
9816 9817
379 380
4267 4268
8439 8440
958 959
2890 2891
5130 5131
7641 7642
2092 2093
6264 6265
2955 2956
8170 8171
6843 6844
1294 1295
5466 5467
9354 9355
3484 3485
7372 7373
3805 3806
4668 4669
2686 2687
7179 7180
1309 1310
5197 5198
9369 9370
2493 2494
7708 7709
9948 9949
511 512
4399 4400
8571 8572
3022 3023
6910 6911
3601 3602
5533 5534
7773 7774
2224 2225
6112 6113
847 848
4735 4736
8907 8908
1426 1427
3358 3359
7246 7247
49 50
3937 3938
8109 8110
6127 6128
2560 2561
6448 6449
8638 8639
1762 1763
3952 3953
7840 7841
2291 2292
6463 6464
3154 3155
4802 4803
7042 7043
8974 8975
1493 1494
5665 5666
9553 9554
116 117
2356 2357
4004 4005
8176 8177
695 696
2627 2628
4867 4868
7378 7379
1829 1830
9568 9569
6001 6002
9889 9890
2692 2693
7907 7908
6580 6581
1031 1032
5203 5204
9091 9092
3221 3222
7109 7110
5732 5733
4405 4406
2423 2424
6311 6312
2744 2745
6916 6917
1046 1047
4934 4935
9106 9107
7445 7446
9685 9686
248 249
4136 4137
8308 8309
9956 9957
2759 2760
6647 6648
3338 3339
5270 5271
7510 7511
9158 9159
1961 1962
5849 5850
584 585
4472 4473
1163 1164
3095 3096
3674 3675
1692 1693
7846 7847
5864 5865
2297 2298
9752 9753
6185 6186
4203 4204
8375 8376
1499 1500
7577 7578
2028 2029
6200 6201
2891 2892
4539 4540
6779 6780
8711 8712
1230 1231
5402 5403
9290 9291
2093 2094
3741 3742
7913 7914
432 433
2364 2365
4604 4605
7115 7116
1566 1567
9305 9306
5738 5739
9626 9627
7644 7645
768 769
4940 4941
8828 8829
2958 2959
6846 6847
5469 5470
4142 4143
2160 2161
6048 6049
2481 2482
6653 6654
783 784
4671 4672
8843 8844
3294 3295
7182 7183
9422 9423
1633 1634
3873 3874
8045 8046
9693 9694
2496 2497
6384 6385
835 836
5007 5008
7247 7248
8895 8896
1698 1699
5586 5587
9758 9759
4209 4210
2227 2228
900 901
2832 2833
3411 3412
1429 1430
7583 7584
5601 5602
2034 2035
9489 9490
5922 5923
3940 3941
8112 8113
1236 1237
8691 8692
7314 7315
1765 1766
5937 5938
9825 9826
2628 2629
4276 4277
6516 6517
8448 8449
967 968
5139 5140
9027 9028
1830 1831
3478 3479
7650 7651
169 170
2101 2102
4341 4342
2680 2681
6852 6853
4870 4871
1303 1304
9042 9043
5475 5476
9363 9364
7381 7382
505 506
4677 4678
9892 9893
8565 8566
2695 2696
6583 6584
5206 5207
9094 9095
1897 1898
5785 5786
9957 9958
520 521
4408 4409
1099 1100
3031 3032
6919 6920
9159 9160
1370 1371
3610 3611
7782 7783
9430 9431
2233 2234
6121 6122
572 573
4744 4745
6984 6985
8632 8633
1435 1436
5323 5324
9495 9496
3946 3947
1964 1965
3148 3149
1166 1167
5338 5339
1771 1772
9226 9227
5659 5660
3677 3678
9831 9832
7849 7850
973 974
8428 8429
2879 2880
7051 7052
1502 1503
5674 5675
9562 9563
4013 4014
6253 6254
8185 8186
704 705
4876 4877
8764 8765
1567 1568
3215 3216
7387 7388
1838 1839
4078 4079
5726 5727
9293 9294
2417 2418
6589 6590
4607 4608
1040 1041
9100 9101
7118 7119
242 243
4414 4415
9629 9630
8302 8303
2432 2433
6320 6321
771 772
4943 4944
8831 8832
1634 1635
5522 5523
9694 9695
4145 4146
836 837
2768 2769
6656 6657
1107 1108
3347 3348
7519 7520
9167 9168
1970 1971
5858 5859
309 310
8048 8049
4481 4482
6721 6722
8369 8370
1172 1173
5060 5061
9232 9233
3683 3684
7571 7572
1701 1702
9761 9762
2885 2886
903 904
5075 5076
1508 1509
8963 8964
5396 5397
3414 3415
7586 7587
4277 4278
710 711
8165 8166
2616 2617
6788 6789
1239 1240
5411 5412
9299 9300
3750 3751
5990 5991
7922 7923
441 442
4613 4614
8501 8502
1304 1305
2952 2953
7124 7125
1575 1576
3815 3816
9030 9031
2154 2155
6326 6327
4344 4345
777 778
8837 8838
6855 6856
7718 7719
4151 4152
9366 9367
2169 2170
6057 6058
508 509
4680 4681
8568 8569
1371 1372
5259 5260
7191 7192
9431 9432
3882 3883
7770 7771
573 574
2505 2506
6393 6394
844 845
3084 3085
1707 1708
5595 5596
3613 3614
46 47
9767 9768
7785 7786
4218 4219
6458 6459
8106 8107
909 910
4797 4798
8969 8970
3420 3421
7308 7309
1438 1439
5610 5611
9498 9499
3949 3950
2622 2623
640 641
4812 4813
1245 1246
8700 8701
5133 5134
3151 3152
7323 7324
4014 4015
447 448
5662 5663
7902 7903
9834 9835
2353 2354
6525 6526
976 977
9036 9037
1555 1556
3487 3488
5727 5728
7659 7660
178 179
4350 4351
8238 8239
2689 2690
6861 6862
3552 3553
8767 8768
1891 1892
6063 6064
4081 4082
514 515
7969 7970
4402 4403
8574 8575
6592 6593
9103 9104
1906 1907
5794 5795
9966 9967
245 246
4417 4418
8305 8306
1108 1109
4996 4997
6928 6929
9168 9169
3619 3620
7507 7508
310 311
2242 2243
6130 6131
581 582
2821 2822
1444 1445
5332 5333
3350 3351
9504 9505
7522 7523
3955 3956
7843 7844
646 647
5861 5862
8706 8707
3157 3158
7045 7046
1175 1176
9235 9236
3686 3687
2359 2360
377 378
4549 4550
982 983
8437 8438
2888 2889
7060 7061
1511 1512
3751 3752
184 185
5399 5400
7639 7640
9571 9572
2090 2091
6262 6263
713 714
8773 8774
3224 3225
5464 5465
7396 7397
4087 4088
7975 7976
2426 2427
444 445
6598 6599
3289 3290
8504 8505
1628 1629
5800 5801
3818 3819
251 252
7706 7707
4139 4140
6329 6330
3020 3021
8840 8841
1643 1644
5531 5532
9703 9704
4154 4155
8042 8043
845 846
4733 4734
6665 6666
8905 8906
3356 3357
7244 7245
47 48
5867 5868
318 319
2558 2559
1181 1182
5069 5070
3087 3088
9241 9242
7259 7260
3692 3693
7580 7581
383 384
5598 5599
9770 9771
8443 8444
6461 6462
2894 2895
6782 6783
912 913
8972 8973
3423 3424
114 115
4286 4287
8174 8175
2625 2626
6797 6798
1248 1249
3488 3489
5136 5137
7376 7377
9308 9309
1827 1828
5999 6000
9887 9888
450 451
4338 4339
8510 8511
2961 2962
5201 5202
7133 7134
7712 7713
2163 2164
181 182
6335 6336
3026 3027
8241 8242
1365 1366
5537 5538
3555 3556
7443 7444
3876 3877
6066 6067
2757 2758
6645 6646
8577 8578
1380 1381
5268 5269
9440 9441
3891 3892
7779 7780
582 583
2230 2231
4470 4471
6402 6403
8642 8643
3093 3094
6981 6982
5604 5605
2295 2296
918 919
4806 4807
2824 2825
8978 8979
6996 6997
3429 3430
7317 7318
120 121
5335 5336
9507 9508
8180 8181
6198 6199
2631 2632
6519 6520
649 650
4537 4538
8709 8710
3160 3161
7911 7912
2362 2363
6534 6535
985 986
3225 3226
4873 4874
9045 9046
1564 1565
5736 5737
9624 9625
187 188
4075 4076
8247 8248
6265 6266
2698 2699
4938 4939
7449 7450
1900 1901
9639 9640
6072 6073
9960 9961
2763 2764
7978 7979
1102 1103
5274 5275
3292 3293
7180 7181
5803 5804
2494 2495
6382 6383
8314 8315
1117 1118
5005 5006
9177 9178
3628 3629
7516 7517
319 320
1967 1968
4207 4208
6139 6140
8379 8380
2830 2831
6718 6719
5341 5342
9229 9230
2032 2033
4543 4544
2561 2562
6733 6734
3166 3167
5072 5073
9244 9245
1763 1764
5935 5936
2368 2369
9823 9824
386 387
4274 4275
8446 8447
2897 2898
7069 7070
5408 5409
7648 7649
2099 2100
6271 6272
722 723
2962 2963
4610 4611
8782 8783
1301 1302
5473 5474
9361 9362
3812 3813
7984 7985
6002 6003
2435 2436
4675 4676
7186 7187
1637 1638
9376 9377
5809 5810
9697 9698
3827 3828
7715 7716
2166 2167
839 840
5011 5012
3029 3030
6917 6918
5540 5541
9428 9429
2231 2232
6119 6120
8051 8052
854 855
4742 4743
3365 3366
7253 7254
56 57
1704 1705
3944 3945
5876 5877
8116 8117
9764 9765
2567 2568
6455 6456
906 907
5078 5079
8966 8967
1769 1770
4280 4281
2298 2299
6470 6471
2903 2904
4809 4810
8981 8982
1500 1501
5672 5673
2105 2106
7320 7321
9560 9561
123 124
4011 4012
8183 8184
2634 2635
3213 3214
5145 5146
7385 7386
1836 1837
6008 6009
9896 9897
459 460
4347 4348
8519 8520
1038 1039
5210 5211
9098 9099
3549 3550
7721 7722
5739 5740
2172 2173
6923 6924
4941 4942
1374 1375
9434 9435
3564 3565
7452 7453
1903 1904
576 577
4748 4749
9963 9964
2766 2767
6654 6655
1105 1106
5277 5278
9165 9166
1968 1969
5856 5857
7788 7789
4479 4480
3102 3103
6990 6991
1441 1442
3681 3682
5613 5614
7853 7854
9501 9502
2304 2305
6192 6193
643 644
8382 8383
4815 4816
8703 8704
1506 1507
4017 4018
2035 2036
6207 6208
4546 4547
8718 8719
1237 1238
5409 5410
1842 1843
7057 7058
9297 9298
3748 3749
9902 9903
7920 7921
2371 2372
2950 2951
4882 4883
7122 7123
1573 1574
5745 5746
9633 9634
196 197
4084 4085
8256 8257
775 776
4947 4948
8835 8836
3286 3287
7458 7459
5476 5477
1909 1910
9364 9365
7987 7988
6660 6661
4678 4679
1111 1112
9171 9172
3301 3302
7189 7190
1640 1641
4485 4486
9700 9701
2503 2504
6391 6392
842 843
5014 5015
8902 8903
1705 1706
5593 5594
7525 7526
9765 9766
4216 4217
8104 8105
2839 2840
6727 6728
1178 1179
3418 3419
5350 5351
9238 9239
2041 2042
5929 5930
380 381
8119 8120
4552 4553
8440 8441
1243 1244
3754 3755
1772 1773
5944 5945
9832 9833
4283 4284
8455 8456
974 975
5146 5147
1579 1580
6794 6795
9034 9035
3485 3486
7657 7658
2108 2109
4348 4349
5996 5997
2687 2688
4619 4620
6859 6860
8791 8792
1310 1311
9370 9371
3821 3822
7993 7994
512 513
4684 4685
9899 9900
3023 3024
1041 1042
7195 7196
5213 5214
1646 1647
9101 9102
7724 7725
6397 6398
4415 4416
848 849
8908 8909
3038 3039
6926 6927
1377 1378
7789 7790
4222 4223
9437 9438
2240 2241
6128 6129
579 580
4751 4752
8639 8640
1442 1443
7262 7263
9502 9503
3953 3954
7841 7842
2576 2577
6464 6465
4482 4483
915 916
3155 3156
5087 5088
1778 1779
5666 5667
3684 3685
117 118
9838 9839
7856 7857
4289 4290
8177 8178
980 981
3491 3492
1509 1510
9569 9570
4020 4021
8192 8193
711 712
4883 4884
1316 1317
6531 6532
8771 8772
3222 3223
7394 7395
1845 1846
4085 4086
5733 5734
9905 9906
2424 2425
4356 4357
6596 6597
8528 8529
1047 1048
9107 9108
7125 7126
3558 3559
7730 7731
249 250
4421 4422
9636 9637
2760 2761
778 779
6932 6933
4950 4951
8838 8839
7461 7462
4152 4153
585 586
8040 8041
8645 8646
2775 2776
6663 6664
1114 1115
5286 5287
9174 9175
1977 1978
3625 3626
5865 5866
316 317
4488 4489
8376 8377
1179 1180
6999 7000
9239 9240
3690 3691
7578 7579
2313 2314
6201 6202
4219 4220
652 653
2892 2893
1515 1516
5403 5404
3421 3422
9575 9576
7593 7594
4026 4027
7914 7915
2044 2045
717 718
5932 5933
3228 3229
1246 1247
9306 9307
3757 3758
7929 7930
448 449
4620 4621
1053 1054
6268 6269
8508 8509
2959 2960
7131 7132
1582 1583
3822 3823
5470 5471
9642 9643
2161 2162
4093 4094
6333 6334
784 785
4672 4673
8844 8845
6862 6863
3295 3296
7467 7468
9373 9374
2497 2498
515 516
6669 6670
4687 4688
8575 8576
7198 7199
3889 3890
322 323
7777 7778
2512 2513
6400 6401
851 852
3091 3092
5023 5024
8911 8912
1714 1715
3362 3363
5602 5603
9774 9775
53 54
4225 4226
8113 8114
916 917
2564 2565
6736 6737
8976 8977
3427 3428
7315 7316
5938 5939
3956 3957
389 390
1252 1253
5140 5141
3158 3159
9312 9313
7330 7331
3763 3764
7651 7652
1781 1782
454 455
5669 5670
9841 9842
6532 6533
2965 2966
983 984
9043 9044
3494 3495
7666 7667
185 186
6005 6006
8245 8246
2696 2697
6868 6869
1319 1320
3559 3560
5207 5208
9379 9380
1898 1899
3830 3831
6070 6071
521 522
4409 4410
8581 8582
6599 6600
3032 3033
7204 7205
9110 9111
2234 2235
252 253
6406 6407
4424 4425
8312 8313
6935 6936
3626 3627
59 60
7514 7515
9446 9447
6137 6138
588 589
2828 2829
4760 4761
8648 8649
1451 1452
3099 3100
5339 5340
9511 9512
3962 3963
7850 7851
653 654
2301 2302
5868 5869
6473 6474
8713 8714
3164 3165
7052 7053
5675 5676
9563 9564
3693 3694
989 990
6204 6205
4877 4878
2895 2896
7067 7068
3500 3501
7388 7389
1518 1519
5406 5407
9578 9579
6269 6270
2702 2703
720 721
4608 4609
8780 8781
3231 3232
7403 7404
5742 5743
7982 7983
9914 9915
2433 2434
6605 6606
1056 1057
3296 3297
4944 4945
9116 9117
1635 1636
5807 5808
258 259
4146 4147
8318 8319
6336 6337
2769 2770
8847 8848
1971 1972
9710 9711
6143 6144
4161 4162
8049 8050
2500 2501
6672 6673
3363 3364
7251 7252
9183 9184
5874 5875
325 326
2565 2566
4497 4498
8385 8386
1188 1189
2836 2837
5076 5077
7008 7009
3699 3700
7587 7588
390 391
2038 2039
5605 5606
9777 9778
6210 6211
2901 2902
1240 1241
5412 5413
9300 9301
3430 3431
7602 7603
5941 5942
4614 4615
2632 2633
6804 6805
3237 3238
1255 1256
5143 5144
9315 9316
1834 1835
6006 6007
2439 2440
9894 9895
457 458
4345 4346
8517 8518
2968 2969
5479 5480
7719 7720
9651 9652
2170 2171
6342 6343
793 794
3033 3034
4681 4682
2699 2700
8853 8854
1372 1373
5544 5545
3883 3884
8055 8056
6073 6074
2506 2507
8584 8585
5275 5276
1708 1709
9447 9448
5880 5881
3898 3899
7786 7787
2237 2238
6409 6410
3100 3101
6988 6989
8920 8921
5611 5612
9499 9500
62 63
2302 2303
4234 4235
8122 8123
2573 2574
4813 4814
3436 3437
7324 7325
127 128
1775 1776
5342 5343
9514 9515
5947 5948
9835 9836
2638 2639
977 978
5149 5150
9037 9038
3167 3168
7339 7340
5678 5679
2369 2370
6541 6542
992 993
4880 4881
9052 9053
1571 1572
3503 3504
5743 5744
2176 2177
7391 7392
9631 9632
194 195
4082 4083
8254 8255
2705 2706
5216 5217
7456 7457
9388 9389
1907 1908
6079 6080
9967 9968
530 531
4418 4419
2436 2437
8590 8591
1109 1110
5281 5282
3620 3621
7792 7793
5810 5811
2243 2244
9698 9699
6131 6132
261 262
8321 8322
5012 5013
1445 1446
3635 3636
7523 7524
1974 1975
6146 6147
2837 2838
6725 6726
8657 8658
1176 1177
5348 5349
9236 9237
2039 2040
3971 3972
7859 7860
2310 2311
4550 4551
3173 3174
7061 7062
5079 5080
1512 1513
9251 9252
5684 5685
9572 9573
2375 2376
7590 7591
714 715
8453 8454
4886 4887
8774 8775
2904 2905
5415 5416
2106 2107
6278 6279
729 730
4617 4618
8789 8790
1308 1309
3240 3241
5480 5481
7128 7129
9368 9369
3819 3820
7991 7992
2442 2443
1065 1066
8520 8521
4953 4954
7193 7194
9125 9126
1644 1645
9704 9705
267 268
4155 4156
2173 2174
8327 8328
5018 5019
3357 3358
1375 1376
7529 7530
5547 5548
1980 1981
9435 9436
8058 8059
4749 4750
1182 1183
3372 3373
7260 7261
1711 1712
5883 5884
9771 9772
2574 2575
6462 6463
8394 8395
913 914
5085 5086
8973 8974
1776 1777
7596 7597
4287 4288
2910 2911
6798 6799
4816 4817
1249 1250
8988 8989
5421 5422
9309 9310
2112 2113
7327 7328
451 452
8190 8191
4623 4624
2641 2642
5152 5153
9324 9325
1843 1844
6015 6016
7663 7664
9903 9904
466 467
4354 4355
8526 8527
1045 1046
2977 2978
5217 5218
6865 6866
3556 3557
7728 7729
2179 2180
6067 6068
802 803
8257 8258
4690 4691
6930 6931
8862 8863
1381 1382
9441 9442
4 5
3892 3893
1910 1911
8064 8065
4755 4756
9970 9971
3094 3095
1112 1113
7266 7267
5284 5285
1717 1718
9172 9173
7795 7796
4486 4487
919 920
8374 8375
3109 3110
6997 6998
1448 1449
5620 5621
9508 9509
2311 2312
3959 3960
6199 6200
8131 8132
650 651
4822 4823
8710 8711
1513 1514
7333 7334
4024 4025
2647 2648
6535 6536
4553 4554
986 987
8725 8726
5158 5159
1849 1850
7064 7065
3755 3756
188 189
7927 7928
4360 4361
2378 2379
6266 6267
4889 4890
9061 9062
1580 1581
7400 7401
9640 9641
203 204
4091 4092
8263 8264
782 783
2714 2715
4954 4955
6602 6603
3293 3294
7465 7466
1916 1917
5804 5805
9976 9977
539 540
7994 7995
4427 4428
1118 1119
9178 9179
7196 7197
3629 3630
1647 1648
7801 7802
5819 5820
9707 9708
4158 4159
2831 2832
849 850
7003 7004
5021 5022
8909 8910
7532 7533
51 52
4223 4224
656 657
8111 8112
2846 2847
6734 6735
1185 1186
5357 5358
9245 9246
2048 2049
3696 3697
5936 5937
7868 7869
387 388
4559 4560
8447 8448
1250 1251
7070 7071
3761 3762
6272 6273
4290 4291
723 724
8462 8463
1586 1587
6801 6802
3492 3493
7664 7665
4097 4098
2115 2116
6003 6004
4626 4627
8798 8799
1317 1318
7137 7138
9377 9378
3828 3829
8000 8001
519 520
2451 2452
4691 4692
6339 6340
3030 3031
7202 7203
1653 1654
5541 5542
9713 9714
7731 7732
4164 4165
855 856
8915 8916
3045 3046
6933 6934
3366 3367
1384 1385
7538 7539
5556 5557
9444 9445
3895 3896
586 587
6740 6741
4758 4759
8646 8647
7269 7270
1720 1721
3960 3961
393 394
7848 7849
9780 9781
2583 2584
6471 6472
922 923
5094 5095
8982 8983
1785 1786
3433 3434
5673 5674
7605 7606
9845 9846
124 125
4296 4297
8184 8185
987 988
2635 2636
6807 6808
3498 3499
6009 6010
139 140
4027 4028
460 461
8199 8200
1323 1324
6538 6539
3229 3230
7401 7402
3834 3835
9049 9050
1852 1853
5740 5741
9912 9913
4363 4364
6603 6604
1054 1055
4942 4943
6874 6875
9114 9115
3565 3566
7737 7738
256 257
2188 2189
6076 6077
2767 2768
6939 6940
1390 1391
5278 5279
9450 9451
7468 7469
3901 3902
592 593
9979 9980
8652 8653
2782 2783
6670 6671
3103 3104
1121 1122
5293 5294
9181 9182
3632 3633
323 324
6477 6478
4495 4496
8383 8384
2834 2835
7006 7007
1457 1458
3697 3698
7585 7586
9517 9518
6208 6209
659 660
4831 4832
8719 8720
1522 1523
3170 3171
5410 5411
6737 6738
7342 7343
9582 9583
4033 4034
7921 7922
5939 5940
2372 2373
6544 6545
3235 3236
5746 5747
3764 3765
7936 7937
6275 6276
2966 2967
7138 7139
3571 3572
8786 8787
1589 1590
5477 5478
9649 9650
4100 4101
6340 6341
791 792
4679 4680
6611 6612
8851 8852
3302 3303
7474 7475
1925 1926
5813 5814
9985 9986
2504 2505
6676 6677
1127 1128
5015 5016
9187 9188
7205 7206
329 330
9716 9717
6407 6408
2840 2841
858 859
5030 5031
8918 8919
3369 3370
7541 7542
9781 9782
60 61
6214 6215
4232 4233
8120 8121
2571 2572
6743 6744
1194 1195
3434 3435
9254 9255
5945 5946
9833 9834
396 397
4568 4569
8456 8457
1259 1260
2907 2908
5147 5148
6474 6475
7079 7080
3770 3771
7658 7659
1788 1789
5676 5677
2109 2110
9848 9849
6281 6282
2972 2973
1311 1312
5483 5484
3501 3502
7673 7674
6012 6013
2703 2704
6875 6876
3308 3309
8523 8524
1326 1327
5214 5215
9386 9387
1905 1906
3837 3838
6077 6078
7725 7726
528 529
4416 4417
6348 6349
8588 8589
3039 3040
1662 1663
9117 9118
5550 5551
9722 9723
2241 2242
6413 6414
864 865
4752 4753
2770 2771
8924 8925
6942 6943
66 67
9453 9454
6144 6145
2577 2578
595 596
4767 4768
8655 8656
3106 3107
5346 5347
7278 7279
3969 3970
5617 5618
7857 7858
2308 2309
6480 6481
931 932
3171 3172
8991 8992
1510 1511
5682 5683
9570 9571
133 134
4305 4306
8193 8194
6211 6212
2644 2645
3507 3508
7395 7396
1525 1526
5413 5414
1846 1847
9585 9586
6018 6019
9906 9907
4036 4037
2709 2710
7924 7925
1048 1049
5220 5221
3238 3239
5749 5750
9921 9922
2440 2441
6612 6613
8260 8261
1063 1064
4951 4952
9123 9124
3574 3575
5814 5815
7462 7463
265 266
4153 4154
6085 6086
8325 8326
2776 2777
1399 1400
8854 8855
5287 5288
9459 9460
1978 1979
6150 6151
601 602
4489 4490
2507 2508
8661 8662
6679 6680
9190 9191
5881 5882
2314 2315
9769 9770
332 333
4504 4505
8392 8393
2843 2844
5083 5084
7015 7016
3706 3707
5354 5355
7594 7595
2045 2046
6217 6218
668 669
2908 2909
8728 8729
1247 1248
5419 5420
9307 9308
4042 4043
7930 7931
5948 5949
3244 3245
7132 7133
1262 1263
5150 5151
1583 1584
9322 9323
5755 5756
9643 9644
3773 3774
7661 7662
8524 8525
4957 4958
2975 2976
1598 1599
5486 5487
9658 9659
2177 2178
6349 6350
7997 7998
800 801
4688 4689
8860 8861
3311 3312
5551 5552
7199 7200
2 3
3890 3891
5822 5823
8062 8063
2513 2514
6401 6402
1136 1137
8591 8592
5024 5025
9196 9197
1715 1716
338 339
4226 4227
2244 2245
8398 8399
6416 6417
8927 8928
1446 1447
5618 5619
2051 2052
9506 9507
69 70
4241 4242
8129 8130
2580 2581
4820 4821
6752 6753
3443 3444
5091 5092
7331 7332
9263 9264
1782 1783
5954 5955
9842 9843
405 406
2645 2646
4293 4294
7860 7861
8465 8466
984 985
5156 5157
7667 7668
5685 5686
9857 9858
2981 2982
8196 8197
6869 6870
999 1000
4887 4888
1320 1321
9059 9060
5492 5493
9380 9381
3510 3511
7398 7399
4089 4090
8261 8262
4694 4695
2712 2713
1335 1336
5223 5224
9395 9396
1914 1915
7734 7735
9974 9975
537 538
4425 4426
8597 8598
3048 3049
5288 5289
6936 6937
3627 3628
7799 7800
2250 2251
6138 6139
268 269
873 874
8328 8329
4761 4762
8933 8934
1452 1453
75 76
3963 3964
1981 1982
8135 8136
6153 6154
4492 4493
8664 8665
1183 1184
5355 5356
9243 9244
7866 7867
2317 2318
4557 4558
6489 6490
3180 3181
4828 4829
7068 7069
9000 9001
1519 1520
5691 5692
9579 9580
142 143
2382 2383
4030 4031
7597 7598
8202 8203
721 722
4893 4894
7404 7405
5422 5423
9594 9595
2718 2719
7933 7934
736 737
4624 4625
1057 1058
8796 8797
5229 5230
3247 3248
7135 7136
3826 3827
5758 5759
7998 7999
4431 4432
2449 2450
6337 6338
1072 1073
4960 4961
9132 9133
1651 1652
7471 7472
9711 9712
274 275
4162 4163
8334 8335
2785 2786
5025 5026
6673 6674
3364 3365
7536 7537
1987 1988
5875 5876
5 6
610 611
8065 8066
4498 4499
1189 1190
7267 7268
3700 3701
1718 1719
7872 7873
5890 5891
9778 9779
4229 4230
8401 8402
920 921
5092 5093
8980 8981
7603 7604
122 123
2054 2055
4294 4295
6226 6227
2917 2918
4565 4566
6805 6806
1256 1257
5428 5429
9316 9317
2119 2120
3767 3768
7334 7335
7939 7940
458 459
4630 4631
2969 2970
7141 7142
5159 5160
9331 9332
7670 7671
473 474
4361 4362
794 795
8533 8534
2984 2985
6872 6873
3563 3564
5495 5496
7735 7736
4168 4169
9383 9384
2186 2187
6074 6075
809 810
4697 4698
1388 1389
3320 3321
7208 7209
9448 9449
11 12
3899 3900
8071 8072
2522 2523
6410 6411
4428 4429
7273 7274
1724 1725
5612 5613
9784 9785
7802 7803
4235 4236
2253 2254
926 927
3116 3117
7004 7005
3437 3438
1455 1456
7609 7610
5627 5628
9515 9516
3966 3967
8138 8139
657 658
4829 4830
8717 8718
3168 3169
7340 7341
1791 1792
4031 4032
5963 5964
9851 9852
6542 6543
993 994
5165 5166
9053 9054
1856 1857
3504 3505
7071 7072
7676 7677
195 196
4367 4368
2706 2707
6878 6879
4896 4897
7407 7408
210 211
4098 4099
531 532
8270 8271
9918 9919
2721 2722
6609 6610
1060 1061
3300 3301
5232 5233
7472 7473
9120 9121
1923 1924
5811 5812
9983 9984
4434 4435
1125 1126
3057 3058
6945 6946
9185 9186
3636 3637
7808 7809
2259 2260
6147 6148
4165 4166
7010 7011
1461 1462
5349 5350
9521 9522
7539 7540
3972 3973
1990 1991
2853 2854
6741 6742
3174 3175
1192 1193
5364 5365
9252 9253
3703 3704
7875 7876
394 395
4566 4567
8454 8455
2905 2906
7077 7078
1528 1529
3768 3769
5700 5701
9588 9589
6279 6280
730 731
4902 4903
8790 8791
1593 1594
3241 3242
6808 6809
7413 7414
4104 4105
9319 9320
6010 6011
2443 2444
6615 6616
4633 4634
7144 7145
3835 3836
8007 8008
9655 9656
2458 2459
6346 6347
797 798
3037 3038
4969 4970
7209 7210
8857 8858
1660 1661
5548 5549
9720 9721
4171 4172
8059 8060
862 863
2794 2795
6682 6683
3373 3374
1996 1997
5884 5885
3902 3903
8074 8075
6747 6748
1198 1199
5086 5087
3104 3105
9258 9259
7276 7277
1727 1728
9787 9788
6478 6479
2911 2912
929 930
5101 5102
8989 8990
3440 3441
7612 7613
9852 9853
131 132
4303 4304
5951 5952
8191 8192
2642 2643
6814 6815
1265 1266
3505 3506
9325 9326
1844 1845
6016 6017
467 468
4639 4640
8527 8528
6545 6546
2978 2979
7150 7151
3841 3842
9056 9057
1859 1860
5747 5748
2180 2181
9919 9920
6352 6353
4370 4371
6881 6882
3572 3573
7744 7745
9392 9393
2195 2196
6083 6084
534 535
2774 2775
4706 4707
6946 6947
8594 8595
1397 1398
5285 5286
9457 9458
3908 3909
7796 7797
599 600
2531 2532
9986 9987
6419 6420
3110 3111
1733 1734
9188 9189
5621 5622
3639 3640
9793 9794
7811 7812
935 936
2841 2842
8995 8996
7013 7014
1464 1465
9524 9525
3975 3976
6215 6216
2648 2649
666 667
4838 4839
8726 8727
3177 3178
7349 7350
4040 4041
5688 5689
7928 7929
9860 9861
2379 2380
6551 6552
1002 1003
3242 3243
9062 9063
1581 1582
5753 5754
204 205
4376 4377
8264 8265
6282 6283
2715 2716
3578 3579
8793 8794
1596 1597
5484 5485
1917 1918
9656 9657
6089 6090
4107 4108
7995 7996
6618 6619
3309 3310
9129 9130
1932 1933
5820 5821
9992 9993
271 272
2511 2512
4443 4444
6683 6684
8331 8332
1134 1135
5022 5023
9194 9195
3645 3646
7533 7534
336 337
2268 2269
9723 9724
6156 6157
2847 2848
5037 5038
1470 1471
8925 8926
5358 5359
3376 3377
9530 9531
7548 7549
672 673
5887 5888
2578 2579
8732 8733
6750 6751
1201 1202
9261 9262
1780 1781
3712 3713
5952 5953
2385 2386
9840 9841
403 404
4575 4576
8463 8464
2914 2915
7086 7087
1537 1538
3777 3778
5425 5426
7665 7666
9597 9598
2116 2117
6288 6289
739 740
4627 4628
8799 8800
5490 5491
8001 8002
2131 2132
6019 6020
470 471
3315 3316
8530 8531
1333 1334
5221 5222
1654 1655
9393 9394
5826 5827
3844 3845
7732 7733
6355 6356
8595 8596
3046 3047
8866 8867
1669 1670
5557 5558
9729 9730
8 9
2248 2249
4180 4181
6420 6421
8068 8069
871 872
4759 4760
8931 8932
3382 3383
7270 7271
73 74
9460 9461
5893 5894
2584 2585
4774 4775
1207 1208
8662 8663
5095 5096
3113 3114
9267 9268
7285 7286
409 410
5624 5625
9796 9797
2315 2316
8469 8470
6487 6488
938 939
8998 8999
1517 1518
3449 3450
5689 5690
140 141
8200 8201
2651 2652
6823 6824
1274 1275
3514 3515
5162 5163
7402 7403
8729 8730
9334 9335
1853 1854
6025 6026
9913 9914
476 477
7931 7932
4364 4365
8536 8537
5227 5228
7738 7739
1868 1869
5756 5757
9928 9929
207 208
3052 3053
8267 8268
1070 1071
4958 4959
1391 1392
9130 9131
5563 5564
3581 3582
7469 7470
4160 4161
6092 6093
8332 8333
2783 2784
6671 6672
8603 8604
1406 1407
5294 5295
9466 9467
1985 1986
3917 3918
7805 7806
608 609
4496 4497
8668 8669
3119 3120
7007 7008
9197 9198
2321 2322
339 340
4511 4512
944 945
8399 8400
4832 4833
2850 2851
7022 7023
146 147
5361 5362
9533 9534
2052 2053
8206 8207
6224 6225
675 676
4563 4564
8735 8736
1254 1255
3186 3187
5426 5427
7358 7359
7937 7938
2388 2389
6560 6561
1011 1012
3251 3252
4899 4900
8466 8467
9071 9072
1590 1591
5762 5763
9650 9651
3780 3781
213 214
7668 7669
4101 4102
8273 8274
6291 6292
4964 4965
3303 3304
7475 7476
1605 1606
5493 5494
9665 9666
8004 8005
807 808
4695 4696
1128 1129
8867 8868
5300 5301
3318 3319
7206 7207
3897 3898
5829 5830
8069 8070
2520 2521
6408 6409
8340 8341
1143 1144
5031 5032
1722 1723
3654 3655
7542 7543
345 346
4233 4234
8405 8406
2856 2857
6744 6745
4762 4763
8934 8935
2058 2059
76 77
8136 8137
4569 4570
2587 2588
6759 6760
5098 5099
7338 7339
9270 9271
1789 1790
5961 5962
9849 9850
412 413
4300 4301
8472 8473
991 992
2923 2924
5163 5164
7674 7675
2125 2126
6297 6298
748 749
2988 2989
4636 4637
8203 8204
1327 1328
5499 5500
9387 9388
3517 3518
7405 7406
3838 3839
8010 8011
6028 6029
7212 7213
1342 1343
5230 5231
9402 9403
3853 3854
7741 7742
544 545
2192 2193
4432 4433
865 866
8604 8605
3055 3056
6943 6944
5566 5567
7806 7807
9454 9455
2257 2258
6145 6146
8077 8078
4768 4769
1459 1460
3391 3392
7279 7280
82 83
3970 3971
8142 8143
2593 2594
6481 6482
4499 4500
8671 8672
1795 1796
7873 7874
4306 4307
2324 2325
6496 6497
3187 3188
4835 4836
7075 7076
9007 9008
1526 1527
5698 5699
7346 7347
9586 9587
149 150
4037 4038
8209 8210
728 729
2660 2661
4900 4901
3239 3240
7411 7412
1862 1863
6034 6035
9922 9923
485 486
7940 7941
1064 1065
5236 5237
9124 9125
3254 3255
7142 7143
3575 3576
7747 7748
5765 5766
9653 9654
6949 6950
1079 1080
4967 4968
3590 3591
7478 7479
281 282
1929 1930
4169 4170
8341 8342
9989 9990
2792 2793
6680 6681
1131 1132
5303 5304
7543 7544
9191 9192
1994 1995
5882 5883
7814 7815
4505 4506
2523 2524
3128 3129
7016 7017
3707 3708
2330 2331
6218 6219
348 349
4236 4237
8408 8409
1532 1533
3438 3439
7610 7611
4043 4044
2061 2062
6233 6234
4572 4573
6812 6813
8744 8745
1263 1264
5435 5436
7083 7084
9323 9324
3774 3775
7946 7947
465 466
2397 2398
4637 4638
2976 2977
7148 7149
1599 1600
9659 9660
7677 7678
801 802
4973 4974
8861 8862
2991 2992
6879 6880
3312 3313
1330 1331
7484 7485
5502 5503
9390 9391
6081 6082
8013 8014
6686 6687
4704 4705
3327 3328
7215 7216
18 19
1666 1667
3906 3907
8078 8079
9726 9727
2529 2530
6417 6418
868 869
5040 5041
7280 7281
8928 8929
1731 1732
5619 5620
9791 9792
4242 4243
8130 8131
2260 2261
2865 2866
6753 6754
3444 3445
2067 2068
5955 5956
85 86
3973 3974
8145 8146
1269 1270
3175 3176
7347 7348
1798 1799
5970 5971
9858 9859
4309 4310
6549 6550
8481 8482
1000 1001
5172 5173
6820 6821
9060 9061
3511 3512
7683 7684
202 203
2134 2135
4374 4375
6022 6023
9589 9590
2713 2714
6885 6886
1336 1337
9396 9397
7414 7415
538 539
4710 4711
9925 9926
2728 2729
6616 6617
3049 3050
1067 1068
7221 7222
5239 5240
9127 9128
1930 1931
5818 5819
7750 7751
9990 9991
6423 6424
4441 4442
8329 8330
3064 3065
6952 6953
1403 1404
3643 3644
5575 5576
9463 9464
2266 2267
6154 6155
605 606
4777 4778
8665 8666
1468 1469
9528 9529
3979 3980
7867 7868
1997 1998
6169 6170
2602 2603
6490 6491
4508 4509
3181 3182
1804 1805
9259 9260
5692 5693
3710 3711
9864 9865
7882 7883
1006 1007
6221 6222
2912 2913
7084 7085
1535 1536
9595 9596
2114 2115
4046 4047
6286 6287
8218 8219
737 738
4909 4910
6557 6558
8797 8798
3248 3249
1266 1267
7420 7421
1871 1872
4111 4112
5759 5760
9326 9327
9931 9932
2450 2451
6622 6623
1073 1074
9133 9134
7151 7152
275 276
9662 9663
2465 2466
6353 6354
2786 2787
804 805
4976 4977
8864 8865
1667 1668
5555 5556
7487 7488
9727 9728
6 7
4178 4179
8066 8067
2801 2802
6689 6690
1140 1141
3380 3381
5312 5313
9200 9201
2003 2004
5891 5892
342 343
4514 4515
8402 8403
1205 1206
9265 9266
3716 3717
7604 7605
1734 1735
9794 9795
6227 6228
4245 4246
5108 5109
1541 1542
8996 8997
5429 5430
3447 3448
9601 9602
7619 7620
2070 2071
743 744
5958 5959
2649 2650
6821 6822
1272 1273
9332 9333
3783 3784
6023 6024
7955 7956
474 475
4646 4647
8534 8535
2985 2986
1003 1004
7157 7158
1608 1609
3848 3849
5496 5497
9063 9064
9668 9669
2187 2188
6359 6360
810 811
4698 4699
8870 8871
6888 6889
12 13
9399 9400
2202 2203
6090 6091
541 542
4713 4714
8601 8602
1404 1405
5292 5293
7224 7225
9464 9465
3915 3916
7803 7804
2538 2539
6426 6427
877 878
3117 3118
5049 5050
8937 8938
1740 1741
5628 5629
9800 9801
79 80
4251 4252
8139 8140
942 943
6157 6158
9002 9003
3453 3454
7341 7342
1471 1472
9531 9532
5964 5965
3982 3983
673 674
4845 4846
1278 1279
8733 8734
5166 5167
3184 3185
7356 7357
1807 1808
480 481
5695 5696
9867 9868
2386 2387
6558 6559
1009 1010
4897 4898
9069 9070
3520 3521
5760 5761
7692 7693
211 212
8271 8272
2722 2723
740 741
6894 6895
1345 1346
3585 3586
5233 5234
8800 8801
9405 9406
1924 1925
6096 6097
547 548
8002 8003
4435 4436
8607 8608
6625 6626
9136 9137
1939 1940
5827 5828
278 279
4450 4451
8338 8339
1141 1142
2789 2790
5029 5030
6961 6962
9201 9202
3652 3653
7540 7541
6163 6164
614 615
2854 2855
4786 4787
8674 8675
1477 1478
5365 5366
9537 9538
3988 3989
7876 7877
679 680
5894 5895
8739 8740
3190 3191
1208 1209
9268 9269
3719 3720
7891 7892
410 411
6230 6231
8470 8471
4903 4904
2921 2922
7093 7094
1544 1545
5432 5433
9604 9605
2123 2124
6295 6296
746 747
4634 4635
8806 8807
3257 3258
5497 5498
7429 7430
8008 8009
2459 2460
477 478
6631 6632
1082 1083
3322 3323
4970 4971
8537 8538
9142 9143
1661 1662
5833 5834
3851 3852
284 285
7739 7740
4172 4173
8344 8345
6362 6363
8873 8874
1676 1677
5564 5565
9736 9737
15 16
4187 4188
8075 8076
878 879
2526 2527
4766 4767
6698 6699
8938 8939
3389 3390
7277 7278
80 81
5900 5901
9788 9789
351 352
2591 2592
4523 4524
8411 8412
1214 1215
5102 5103
3725 3726
7613 7614
416 417
5631 5632
9803 9804
2927 2928
945 946
4833 4834
9005 9006
3456 3457
7628 7629
147 148
5967 5968
8207 8208
4640 4641
2658 2659
6830 6831
1281 1282
5169 5170
9341 9342
1860 1861
3792 3793
6032 6033
7680 7681
9920 9921
483 484
4371 4372
8543 8544
2994 2995
7745 7746
2196 2197
214 215
6368 6369
4386 4387
819 820
8274 8275
4707 4708
2725 2726
1398 1399
5570 5571
3588 3589
21 22
7476 7477
3909 3910
8081 8082
6099 6100
8610 8611
1413 1414
5301 5302
3924 3925
7812 7813
615 616
2263 2264
4503 4504
6435 6436
8675 8676
3126 3127
7014 7015
1465 1466
5637 5638
9525 9526
88 89
2328 2329
4260 4261
8148 8149
4839 4840
7029 7030
3462 3463
7350 7351
153 154
5368 5369
9540 9541
2664 2665
7879 7880
682 683
4570 4571
8742 8743
3193 3194
5704 5705
7944 7945
2395 2396
6567 6568
1018 1019
4906 4907
9078 9079
1597 1598
3529 3530
5769 5770
7417 7418
9657 9658
220 221
4108 4109
8280 8281
2731 2732
7482 7483
1933 1934
6105 6106
9993 9994
4123 4124
556 557
8011 8012
2462 2463
5307 5308
3325 3326
7213 7214
3646 3647
7818 7819
5836 5837
9724 9725
287 288
8347 8348
5038 5039
3661 3662
7549 7550
352 353
2000 2001
4240 4241
6172 6173
8412 8413
2863 2864
6751 6752
1202 1203
5374 5375
9262 9263
2065 2066
3997 3998
7885 7886
4576 4577
2594 2595
6766 6767
3199 3200
7087 7088
5105 5106
9277 9278
2401 2402
7616 7617
419 420
4307 4308
8479 8480
2930 2931
3509 3510
5441 5442
7681 7682
2132 2133
6304 6305
755 756
4643 4644
8815 8816
1334 1335
3266 3267
5506 5507
7154 7155
3845 3846
8017 8018
2468 2469
9923 9924
6356 6357
8546 8547
7219 7220
1670 1671
9730 9731
3860 3861
7748 7749
2199 2200
5044 5045
3062 3063
6950 6951
3383 3384
1401 1402
7555 7556
5573 5574
9461 9462
24 25
6152 6153
8084 8085
4775 4776
3398 3399
7286 7287
89 90
1737 1738
3977 3978
5909 5910
9797 9798
2600 2601
6488 6489
939 940
5111 5112
8999 9000
1802 1803
141 142
4313 4314
2331 2332
6503 6504
2936 2937
6824 6825
4842 4843
9014 9015
2138 2139
7353 7354
156 157
4044 4045
8216 8217
2667 2668
3246 3247
5178 5179
7418 7419
9350 9351
1869 1870
9929 9930
492 493
4380 4381
8552 8553
1071 1072
3003 3004
5243 5244
6891 6892
3582 3583
7754 7755
5772 5773
2205 2206
9660 9661
6093 6094
8283 8284
6956 6957
1407 1408
9467 9468
3597 3598
7485 7486
1936 1937
6108 6109
4781 4782
9996 9997
2799 2800
4447 4448
6687 6688
3120 3121
1138 1139
7292 7293
5310 5311
9198 9199
2001 2002
7821 7822
4512 4513
8400 8401
3135 3136
7023 7024
1474 1475
3714 3715
5646 5647
9534 9535
2337 2338
6225 6226
676 677
4848 4849
8736 8737
1539 1540
4050 4051
2068 2069
6240 6241
2673 2674
6561 6562
4579 4580
8751 8752
1875 1876
7090 7091
9330 9331
3781 3782
7953 7954
2404 2405
6292 6293
2983 2984
4915 4916
7155 7156
9087 9088
1606 1607
9666 9667
229 230
4117 4118
8289 8290
808 809
2740 2741
4980 4981
6628 6629
3319 3320
1337 1338
7491 7492
5509 5510
1942 1943
9397 9398
5830 5831
8020 8021
1144 1145
9204 9205
3334 3335
7222 7223
1673 1674
5845 5846
9733 9734
2536 2537
4184 4185
6424 6425
2857 2858
875 876
5047 5048
8935 8936
1738 1739
7558 7559
9798 9799
77 78
2009 2010
4249 4250
8137 8138
2872 2873
6760 6761
1211 1212
5383 5384
9271 9272
2074 2075
5962 5963
413 414
4585 4586
8473 8474
2603 2604
1276 1277
6491 6492
3787 3788
1805 1806
9865 9866
6298 6299
4316 4317
8488 8489
5179 5180
1612 1613
6827 6828
9067 9068
3518 3519
7690 7691
9338 9339
2141 2142
6029 6030
2720 2721
4652 4653
6892 6893
1343 1344
9403 9404
3854 3855
8026 8027
545 546
2477 2478
9932 9933
3056 3057
1074 1075
7228 7229
5246 5247
1679 1680
9134 9135
5567 5568
9739 9740
7757 7758
881 882
8941 8942
3071 3072
6959 6960
1410 1411
5582 5583
9470 9471
2273 2274
3921 3922
6161 6162
612 613
4784 4785
8672 8673
1475 1476
3123 3124
7295 7296
9535 9536
1746 1747
3986 3987
7874 7875
9806 9807
6497 6498
4515 4516
948 949
5120 5121
9008 9009
1811 1812
5699 5700
9871 9872
150 151
4322 4323
8210 8211
2340 2341
1013 1014
6228 6229
3524 3525
1542 1543
9602 9603
6035 6036
165 166
4053 4054
8225 8226
744 745
4916 4917
1349 1350
6564 6565
8804 8805
3255 3256
7427 7428
9075 9076
1878 1879
5766 5767
9938 9939
2457 2458
4389 4390
6629 6630
1080 1081
4968 4969
9140 9141
3591 3592
7763 7764
282 283
9669 9670
2793 2794
811 812
6965 6966
4983 4984
1416 1417
8871 8872
5304 5305
9476 9477
7494 7495
618 619
8073 8074
8678 8679
2808 2809
6696 6697
1147 1148
5319 5320
9207 9208
2010 2011
3658 3659
5898 5899
349 350
4521 4522
8409 8410
1212 1213
2860 2861
7032 7033
9272 9273
1483 1484
3723 3724
6234 6235
4252 4253
685 686
8424 8425
4857 4858
8745 8746
1548 1549
6763 6764
5436 5437
4059 4060
7947 7948
2077 2078
5965 5966
3261 3262
1279 1280
5167 5168
1600 1601
9339 9340
3790 3791
7962 7963
481 482
6301 6302
8541 8542
2992 2993
7164 7165
8812 8813
1615 1616
5503 5504
9675 9676
2194 2195
4126 4127
6366 6367
8014 8015
817 818
4705 4706
8877 8878
3328 3329
19 20
9406 9407
2530 2531
548 549
6702 6703
4720 4721
1153 1154
8608 8609
5041 5042
3059 3060
9213 9214
7231 7232
3922 3923
355 356
7810 7811
9742 9743
6433 6434
884 885
5056 5057
8944 8945
1747 1748
3395 3396
5635 5636
7567 7568
9807 9808
86 87
4258 4259
8146 8147
949 950
2597 2598
6769 6770
1220 1221
3460 3461
5971 5972
9859 9860
3989 3990
422 423
8161 8162
4594 4595
8482 8483
6500 6501
5173 5174
3796 3797
7684 7685
1814 1815
5702 5703
9874 9875
4325 4326
2998 2999
1016 1017
4904 4905
9076 9077
3527 3528
7699 7700
218 219
6038 6039
8278 8279
2729 2730
6901 6902
8549 8550
1352 1353
5240 5241
3258 3259
9412 9413
1931 1932
3863 3864
6103 6104
7751 7752
554 555
4442 4443
8614 8615
3065 3066
9143 9144
2267 2268
285 286
6439 6440
4457 4458
890 891
8345 8346
4778 4779
2796 2797
6968 6969
3659 3660
92 93
7547 7548
9479 9480
6170 6171
621 622
4793 4794
8681 8682
1484 1485
3132 3133
5372 5373
7304 7305
3995 3996
7883 7884
686 687
2334 2335
6506 6507
3197 3198
1536 1537
5708 5709
9596 9597
3726 3727
159 160
7898 7899
4331 4332
8219 8220
6237 6238
7100 7101
3533 3534
7421 7422
1551 1552
5439 5440
9611 9612
4062 4063
2735 2736
7950 7951
753 754
4641 4642
8813 8814
3264 3265
5775 5776
8015 8016
9947 9948
226 227
2466 2467
6638 6639
1089 1090
4977 4978
2995 2996
9149 9150
3600 3601
5840 5841
7488 7489
291 292
4179 4180
8351 8352
2802 2803
6690 6691
820 821
8880 8881
2004 2005
22 23
4194 4195
627 628
8082 8083
2533 2534
6705 6706
3396 3397
7284 7285
9216 9217
1735 1736
5907 5908
9795 9796
358 359
4530 4531
8418 8419
2869 2870
5109 5110
7041 7042
3732 3733
7620 7621
423 424
2071 2072
6243 6244
2934 2935
8149 8150
1273 1274
5445 5446
9333 9334
3463 3464
7956 7957
5974 5975
2665 2666
6837 6838
3270 3271
8485 8486
7158 7159
1288 1289
5176 5177
9348 9349
3799 3800
7687 7688
490 491
4378 4379
8550 8551
3001 3002
1624 1625
5512 5513
7752 7753
9684 9685
2203 2204
6375 6376
826 827
4714 4715
2732 2733
8886 8887
3337 3338
5577 5578
7225 7226
28 29
3916 3917
8088 8089
2539 2540
9994 9995
6427 6428
557 558
8617 8618
1741 1742
3931 3932
7819 7820
2270 2271
6442 6443
3133 3134
7021 7022
8953 8954
1472 1473
5644 5645
9532 9533
95 96
8155 8156
2606 2607
4846 4847
6778 6779
3469 3470
7357 7358
160 161
1808 1809
5980 5981
9868 9869
2671 2672
7886 7887
1010 1011
5182 5183
3200 3201
5711 5712
9883 9884
2402 2403
6574 6575
3007 3008
8222 8223
6895 6896
1025 1026
4913 4914
9085 9086
3536 3537
7424 7425
227 228
4115 4116
8287 8288
2738 2739
6626 6627
1361 1362
5249 5250
7489 7490
9421 9422
1940 1941
563 564
4451 4452
2469 2470
8623 8624
6641 6642
3074 3075
5314 5315
6962 6963
3653 3654
7825 7826
5843 5844
2276 2277
9731 9732
6164 6165
294 295
8354 8355
1478 1479
3668 3669
7556 7557
2007 2008
6179 6180
2870 2871
4518 4519
6758 6759
8690 8691
1209 1210
5381 5382
9269 9270
2072 2073
7892 7893
411 412
2343 2344
4583 4584
6515 6516
3206 3207
7094 7095
1545 1546
9284 9285
5717 5718
9605 9606
2408 2409
7623 7624
747 748
4919 4920
2937 2938
6825 6826
5448 5449
9620 9621
2139 2140
7959 7960
762 763
4650 4651
8822 8823
3273 3274
7161 7162
3852 3853
5784 5785
8024 8025
2475 2476
6363 6364
1098 1099
4986 4987
1677 1678
9737 9738
300 301
4188 4189
2206 2207
8360 8361
6378 6379
2811 2812
5051 5052
6699 6700
4717 4718
3390 3391
1408 1409
7562 7563
5580 5581
2013 2014
9468 9469
5901 5902
31 32
8091 8092
2542 2543
1215 1216
3405 3406
7293 7294
1744 1745
5916 5917
9804 9805
2607 2608
4255 4256
6495 6496
8427 8428
946 947
5118 5119
9006 9007
1809 1810
7629 7630
148 149
2080 2081
4320 4321
6252 6253
2943 2944
6831 6832
1282 1283
9021 9022
5454 5455
9342 9343
2145 2146
7360 7361
484 485
4656 4657
2674 2675
6562 6563
5185 5186
9357 9358
1876 1877
7696 7697
9936 9937
499 500
4387 4388
8559 8560
3010 3011
5250 5251
6898 6899
3589 3590
5521 5522
7761 7762
9409 9410
2212 2213
6100 6101
4723 4724
1414 1415
9474 9475
37 38
3925 3926
1943 1944
8097 8098
6115 6116
2548 2549
4454 4455
1145 1146
7299 7300
5317 5318
1750 1751
9205 9206
5638 5639
9810 9811
7828 7829
2279 2280
952 953
3142 3143
7030 7031
1481 1482
5653 5654
9541 9542
2344 2345
3992 3993
6232 6233
8164 8165
683 684
4855 4856
8743 8744
3194 3195
7366 7367
1817 1818
4057 4058
5989 5990
6568 6569
4586 4587
1019 1020
8758 8759
5191 5192
9079 9080
1882 1883
7097 7098
221 222
4393 4394
9608 9609
2411 2412
6299 6300
4922 4923
1613 1614
5501 5502
7433 7434
9673 9674
236 237
4124 4125
8296 8297
815 816
2747 2748
6635 6636
1086 1087
3326 3327
5258 5259
7498 7499
9146 9147
1949 1950
5837 5838
4460 4461
1151 1152
9211 9212
3662 3663
1680 1681
7834 7835
5852 5853
9740 9741
4191 4192
882 883
7036 7037
5054 5055
1487 1488
8942 8943
5375 5376
3393 3394
9547 9548
7565 7566
2016 2017
6767 6768
1218 1219
5390 5391
9278 9279
2081 2082
3729 3730
5969 5970
7901 7902
420 421
4592 4593
8480 8481
2931 2932
7103 7104
1554 1555
3794 3795
6305 6306
435 436
4323 4324
756 757
8495 8496
4928 4929
8816 8817
1619 1620
6834 6835
4130 4131
9345 9346
2148 2149
6036 6037
4659 4660
1350 1351
5238 5239
7170 7171
9410 9411
3861 3862
8033 8034
552 553
2484 2485
6372 6373
823 824
3063 3064
4995 4996
7235 7236
8883 8884
1686 1687
5574 5575
9746 9747
7764 7765
4197 4198
8085 8086
888 889
3399 3400
1417 1418
5589 5590
9477 9478
3928 3929
8100 8101
619 620
6773 6774
4791 4792
1224 1225
8679 8680
5112 5113
3130 3131
7302 7303
1753 1754
3993 3994
9813 9814
6504 6505
955 956
5127 5128
9015 9016
1818 1819
3466 3467
7638 7639
157 158
4329 4330
8217 8218
2668 2669
6840 6841
4858 4859
1291 1292
3531 3532
1870 1871
6042 6043
172 173
4060 4061
493 494
8232 8233
4665 4666
8553 8554
6571 6572
3867 3868
9082 9083
1885 1886
5773 5774
9945 9946
4396 4397
8284 8285
1087 1088
4975 4976
6907 6908
9147 9148
3598 3599
289 290
2221 2222
6109 6110
560 561
2800 2801
4732 4733
6972 6973
8620 8621
1423 1424
5311 5312
3329 3330
9483 9484
7501 7502
3934 3935
7822 7823
625 626
3136 3137
1154 1155
5326 5327
9214 9215
3665 3666
7837 7838
356 357
4528 4529
961 962
6176 6177
8416 8417
2867 2868
7039 7040
1490 1491
3730 3731
9550 9551
2069 2070
4001 4002
6241 6242
692 693
4864 4865
8752 8753
3203 3204
7375 7376
4066 4067
7954 7955
2405 2406
6577 6578
4595 4596
3268 3269
1607 1608
5779 5780
3797 3798
230 231
8290 8291
2420 2421
6308 6309
759 760
7171 7172
3604 3605
8819 8820
1622 1623
5510 5511
9682 9683
4133 4134
8021 8022
824 825
4712 4713
6644 6645
8884 8885
3335 3336
26 27
1958 1959
5846 5847
297 298
2537 2538
4469 4470
6709 6710
1160 1161
5048 5049
3066 3067
9220 9221
7238 7239
3671 3672
7559 7560
362 363
9749 9750
2873 2874
891 892
5063 5064
8951 8952
3402 3403
7574 7575
93 94
4265 4266
698 699
5913 5914
8153 8154
2604 2605
6776 6777
1227 1228
3467 3468
9287 9288
1806 1807
3738 3739
5978 5979
9866 9867
429 430
4601 4602
8489 8490
6507 6508
2940 2941
7112 7113
3803 3804
9018 9019
7691 7692
2142 2143
6314 6315
4332 4333
8220 8221
5516 5517
3534 3535
8027 8028
2157 2158
6045 6046
496 497
2736 2737
6908 6909
3341 3342
8556 8557
1359 1360
5247 5248
9419 9420
3870 3871
7758 7759
561 562
4449 4450
6381 6382
8621 8622
3072 3073
6960 6961
1695 1696
5583 5584
9755 9756
34 35
2274 2275
897 898
4785 4786
2803 2804
8957 8958
6975 6976
3408 3409
7296 7297
99 100
9486 9487
2610 2611
628 629
4800 4801
8688 8689
3139 3140
7311 7312
4002 4003
5650 5651
7890 7891
9822 9823
2341 2342
6513 6514
964 965
3204 3205
4852 4853
9024 9025
1543 1544
3475 3476
5715 5716
166 167
8226 8227
6244 6245
2677 2678
6849 6850
3540 3541
8755 8756
7428 7429
1879 1880
6051 6052
9939 9940
4069 4070
7957 7958
5253 5254
3271 3272
1894 1895
5782 5783
9954 9955
233 234
2473 2474
8293 8294
1096 1097
4984 4985
9156 9157
3607 3608
7495 7496
298 299
4186 4187
6118 6119
8358 8359
2809 2810
6697 6698
1432 1433
5320 5321
9492 9493
2011 2012
634 635
4522 4523
2540 2541
8694 8695
6712 6713
3145 3146
7033 7034
9223 9224
5914 5915
2347 2348
9802 9803
365 366
8425 8426
2876 2877
7048 7049
3739 3740
5387 5388
7627 7628
9559 9560
2078 2079
6250 6251
701 702
2941 2942
4589 4590
8761 8762
1280 1281
3212 3213
5452 5453
7963 7964
5981 5982
2414 2415
6586 6587
3277 3278
8492 8493
1616 1617
9355 9356
5788 5789
9676 9677
3806 3807
7694 7695
6317 6318
4990 4991
3008 3009
6896 6897
1631 1632
5519 5520
9691 9692
2210 2211
8030 8031
833 834
4721 4722
8893 8894
3344 3345
7232 7233
35 36
5855 5856
8095 8096
9743 9744
2546 2547
6434 6435
1169 1170
5057 5058
3075 3076
1748 1749
371 372
4259 4260
2277 2278
8431 8432
6449 6450
2882 2883
6770 6771
4788 4789
8960 8961
1479 1480
5651 5652
2084 2085
9539 9540
102 103
8162 8163
2613 2614
6785 6786
3476 3477
5124 5125
7364 7365
9296 9297
1815 1816
5987 5988
9875 9876
438 439
2678 2679
4326 4327
8498 8499
1017 1018
5189 5190
3528 3529
7700 7701
5718 5719
2151 2152
9890 9891
6323 6324
8229 8230
1353 1354
9092 9093
5525 5526
9413 9414
3543 3544
7431 7432
6054 6055
2745 2746
6633 6634
1368 1369
5256 5257
1947 1948
3879 3880
7767 7768
570 571
2218 2219
4458 4459
8630 8631
3081 3082
6969 6970
4987 4988
1420 1421
5592 5593
7832 7833
9480 9481
2283 2284
6171 6172
4794 4795
2812 2813
1485 1486
108 109
3996 3997
2014 2015
8168 8169
6186 6187
2619 2620
637 638
4525 4526
8697 8698
1216 1217
5388 5389
1821 1822
9276 9277
7899 7900
2350 2351
6522 6523
4861 4862
7101 7102
9033 9034
1552 1553
5724 5725
9612 9613
175 176
2415 2416
4063 4064
8235 8236
754 755
4926 4927
3265 3266
7437 7438
5455 5456
1888 1889
9627 9628
6060 6061
7966 7967
4657 4658
1090 1091
8829 8830
5262 5263
9150 9151
3280 3281
7168 7169
5791 5792
9679 9680
2482 2483
6370 6371
4993 4994
1684 1685
3616 3617
7504 7505
9744 9745
307 308
1955 1956
4195 4196
8367 8368
2818 2819
6706 6707
4724 4725
1157 1158
8896 8897
5329 5330
7569 7570
9217 9218
2020 2021
5908 5909
4531 4532
8419 8420
2549 2550
3733 3734
1751 1752
5923 5924
9811 9812
374 375
4262 4263
8434 8435
953 954
5125 5126
1558 1559
9013 9014
3464 3465
7636 7637
2087 2088
6259 6260
4598 4599
6838 6839
8770 8771
1289 1290
5461 5462
9349 9350
2152 2153
3800 3801
7972 7973
491 492
4663 4664
9878 9879
3002 3003
7174 7175
5192 5193
1625 1626
7703 7704
506 507
4394 4395
827 828
8566 8567
4999 5000
3017 3018
6905 6906
1356 1357
5528 5529
9416 9417
2219 2220
6107 6108
8039 8040
4730 4731
1421 1422
3353 3354
7241 7242
44 45
3932 3933
2555 2556
6443 6444
4461 4462
894 895
8633 8634
5066 5067
7306 7307
8954 8955
1757 1758
5645 5646
9817 9818
96 97
7835 7836
4268 4269
8156 8157
2286 2287
3470 3471
1488 1489
5660 5661
9548 9549
111 112
3999 4000
8171 8172
690 691
4862 4863
1295 1296
8750 8751
3201 3202
7373 7374
1824 1825
4064 4065
9884 9885
4335 4336
6575 6576
8507 8508
1026 1027
5198 5199
9086 9087
3537 3538
7709 7710
228 229
4400 4401
9615 9616
2739 2740
6911 6912
4929 4930
1362 1363
7440 7441
243 244
4131 4132
564 565
8303 8304
4736 4737
9951 9952
2754 2755
6642 6643
1093 1094
5265 5266
9153 9154
1956 1957
5844 5845
7776 7777
4467 4468
8355 8356
1158 1159
3090 3091
6978 6979
3669 3670
2292 2293
6180 6181
4198 4199
631 632
8370 8371
4803 4804
1494 1495
3400 3401
9554 9555
7572 7573
4005 4006
7893 7894
2023 2024
6195 6196
4534 4535
3207 3208
1225 1226
5397 5398
9285 9286
3736 3737
7908 7909
427 428
4599 4600
1032 1033
6247 6248
8487 8488
2938 2939
7110 7111
1561 1562
3801 3802
9621 9622
4072 4073
6312 6313
8244 8245
763 764
4935 4936
8823 8824
3274 3275
1292 1293
7446 7447
4137 4138
9352 9353
2476 2477
6648 6649
4666 4667
8554 8555
7177 7178
3868 3869
301 302
9688 9689
2491 2492
6379 6380
830 831
5002 5003
7242 7243
8890 8891
1693 1694
5581 5582
7513 7514
9753 9754
32 33
4204 4205
8092 8093
895 896
2827 2828
6715 6716
3406 3407
2029 2030
5917 5918
3935 3936
368 369
8107 8108
4540 4541
1231 1232
6446 6447
3137 3138
9291 9292
7309 7310
3742 3743
7630 7631
1760 1761
9820 9821
4271 4272
962 963
5134 5135
9022 9023
3473 3474
7645 7646
164 165
2096 2097
4336 4337
769 770
5984 5985
8224 8225
2675 2676
6847 6848
1298 1299
9358 9359
3809 3810
6049 6050
7981 7982
500 501
8560 8561
6578 6579
3011 3012
1029 1030
7183 7184
3874 3875
9089 9090
2213 2214
231 232
6385 6386
4403 4404
8291 8292
6914 6915
3605 3606
38 39
9425 9426
2228 2229
6116 6117
567 568
2807 2808
4739 4740
6979 6980
8627 8628
1430 1431
3078 3079
5318 5319
7250 7251
9490 9491
3941 3942
7829 7830
632 633
6452 6453
3143 3144
1766 1767
5654 5655
3672 3673
105 106
9826 9827
7844 7845
968 969
6183 6184
2874 2875
9028 9029
7046 7047
3479 3480
7367 7368
1497 1498
9557 9558
4008 4009
699 700
4871 4872
8759 8760
3210 3211
7382 7383
1833 1834
4073 4074
5721 5722
7961 7962
9893 9894
2412 2413
6584 6585
1035 1036
4923 4924
9095 9096
7113 7114
3546 3547
5786 5787
237 238
8297 8298
2427 2428
6315 6316
2748 2749
766 767
6920 6921
3611 3612
8826 8827
1950 1951
6122 6123
4140 4141
8028 8029
6651 6652
3342 3343
7230 7231
9162 9163
1965 1966
5853 5854
304 305
2544 2545
4476 4477
8364 8365
1167 1168
2815 2816
5055 5056
6987 6988
9227 9228
3678 3679
7566 7567
369 370
9756 9757
6189 6190
2880 2881
1503 1504
5391 5392
3409 3410
7581 7582
705 706
5920 5921
2611 2612
6783 6784
3216 3217
1234 1235
5122 5123
9294 9295
3745 3746
5985 5986
7917 7918
436 437
6256 6257
8496 8497
2947 2948
7119 7120
1570 1571
3810 3811
5458 5459
9630 9631
2149 2150
6321 6322
772 773
4660 4661
8832 8833
6850 6851
3283 3284
5523 5524
8034 8035
2164 2165
6052 6053
2485 2486
503 504
6657 6658
8563 8564
