100
1000
55 57
67 68
7 26
55 75
47 71
55 84
29 32
18 44
8 9
55 93
40 41
36 89
8 18
5 83
69 95
0 23
41 42
73 74
10 36
81 87
73 92
54 88
14 15
3 15
22 28
74 75
14 33
32 69
74 84
24 65
3 42
13 74
66 89
15 16
16 70
24 83
47 48
16 79
35 92
1 90
7 21
28 53
7 30
28 62
9 58
48 49
21 32
17 80
80 81
58 81
0 9
48 58
21 41
80 90
69 90
58 90
6 52
50 86
40 54
42 82
21 59
6 70
81 82
39 76
62 78
54 74
25 38
39 85
3 10
62 96
22 23
3 28
43 64
12 95
14 37
66 84
43 91
55 56
1 85
76 88
13 87
5 46
68 93
46 93
38 89
58 67
77 80
28 75
5 82
69 94
40 58
10 17
19 84
2 22
20 67
31 67
32 41
62 91
51 54
51 63
20 94
72 95
3 23
13 55
16 60
24 73
1 71
36 38
16 69
13 73
35 73
36 47
46 79
5 41
36 56
28 43
9 39
46 88
68 97
28 61
21 22
6 33
77 84
50 76
69 89
58 89
27 83
8 79
61 94
91 95
27 92
19 88
54 55
10 30
0 84
8 97
25 28
30 97
11 84
42 99
62 77
31 71
54 73
32 36
10 39
24 32
54 82
24 41
20 89
3 18
84 92
51 67
87 88
72 99
12 94
53 95
16 55
28 29
57 74
88 89
38 70
65 96
6 19
49 88
38 88
29 30
15 95
61 62
27 69
30 65
2 3
20 39
0 70
19 83
83 86
42 85
62 63
94 95
20 57
31 57
41 98
23 62
24 27
3 4
4 58
51 53
35 36
12 71
43 49
84 87
12 80
1 43
53 81
95 96
32 58
43 58
87 92
56 86
16 50
22 93
1 70
36 37
37 91
16 68
68 69
17 33
5 31
14 98
15 72
68 87
6 14
6 23
18 77
69 70
21 30
27 64
7 95
82 98
8 60
50 75
71 98
58 79
31 34
27 82
10 11
39 47
20 43
39 56
30 87
60 88
19 87
12 48
30 96
75 86
0 92
16 18
13 31
53 67
43 44
24 40
64 76
53 85
24 49
34 81
56 90
46 55
3 84
38 51
45 99
17 28
57 64
76 77
5 35
28 37
57 73
76 86
38 78
27 41
15 76
18 72
26 85
38 87
79 88
30 46
19 55
27 68
7 99
11 60
11 69
8 82
2 11
11 78
41 79
20 56
52 88
33 84
53 62
44 93
16 22
1 33
24 35
72 84
64 71
56 67
13 44
22 74
45 85
53 98
3 79
9 10
86 95
57 59
57 68
14 97
38 64
5 39
59 96
49 73
38 82
27 45
18 76
42 43
71 88
42 52
48 86
71 97
27 72
40 91
0 55
11 55
30 68
39 46
12 29
60 78
20 42
31 42
75 76
41 83
52 83
52 92
12 56
41 92
10 86
16 17
34 53
13 30
72 79
20 96
64 75
53 75
37 58
53 84
14 65
56 80
34 89
49 50
15 48
9 14
22 96
14 92
15 57
67 95
49 59
70 91
19 27
8 27
26 75
30 36
50 51
82 83
30 45
29 77
11 50
19 63
60 64
6 93
23 24
40 95
60 73
29 95
83 84
4 29
12 42
34 39
24 25
33 92
56 57
72 74
25 88
22 64
56 66
34 75
14 69
26 34
22 82
37 80
26 43
57 58
86 94
89 90
15 52
67 99
38 63
70 95
30 31
8 31
11 27
63 65
30 40
48 76
90 91
63 74
7 75
82 87
8 49
48 85
0 45
6 79
29 90
31 32
6 97
29 99
4 33
10 76
53 56
64 65
14 55
56 70
5 6
67 76
55 74
26 38
3 82
67 85
97 98
59 81
89 94
18 52
11 13
47 97
8 26
7 61
8 35
48 71
63 69
9 98
6 74
11 40
82 91
6 83
12 14
40 85
21 81
6 92
52 59
44 55
33 64
41 77
54 96
1 13
3 32
44 82
45 47
93 96
34 56
51 90
14 59
37 61
43 95
24 91
3 68
26 33
59 67
7 29
18 29
47 74
47 83
89 98
36 92
9 75
19 30
48 66
17 97
63 64
0 35
11 35
40 80
4 5
81 90
33 50
73 86
41 63
52 72
33 68
44 68
34 42
37 38
51 85
66 83
13 86
43 99
47 60
70 71
18 33
47 69
5 72
29 39
59 89
9 70
36 87
28 83
11 12
40 48
19 25
48 61
5 90
8 16
40 66
48 79
44 45
62 81
41 58
54 77
81 94
44 54
39 97
51 62
14 22
10 70
2 75
66 78
85 91
51 89
32 85
35 81
24 81
96 97
18 19
7 19
67 70
55 77
36 73
9 56
7 37
5 76
28 78
0 7
28 87
80 88
11 16
29 52
21 48
50 84
6 59
69 97
5 94
9 83
10 20
29 70
62 67
6 77
10 38
39 83
54 81
10 56
54 90
25 54
14 17
22 30
20 97
32 62
54 99
74 77
12 93
85 86
51 84
14 44
13 76
35 76
16 72
35 85
13 85
16 81
13 94
59 61
9 42
1 92
36 77
77 78
38 96
9 60
28 82
62 71
25 31
11 96
73 80
0 96
54 76
31 74
62 89
51 52
12 70
10 42
22 25
23 88
66 68
12 97
1 69
13 80
76 81
65 81
1 87
36 54
35 89
16 85
68 86
65 90
36 63
76 90
16 94
17 59
68 95
9 73
5 84
40 51
80 87
42 70
21 47
50 83
42 79
2 6
19 77
8 86
62 66
11 82
25 26
31 60
10 37
20 69
39 91
54 89
20 87
31 87
51 65
35 48
13 48
31 96
16 44
32 61
95 99
12 83
32 70
4 88
17 18
24 66
72 97
13 57
13 75
65 76
16 71
46 81
28 45
47 58
17 54
5 52
28 54
9 50
49 86
68 99
57 99
58 82
6 44
80 91
30 72
19 72
20 46
10 23
8 90
19 90
30 90
10 32
8 99
54 75
2 37
39 86
84 85
32 47
3 11
35 43
43 56
4 74
23 87
24 52
35 52
12 87
64 97
1 59
37 89
9 18
17 31
28 31
3 96
46 67
17 49
38 81
58 59
58 68
42 51
26 97
27 62
61 64
42 69
27 80
39 45
0 63
8 76
31 41
91 92
39 54
8 85
2 14
83 88
27 98
75 84
31 59
60 95
12 55
54 70
32 33
4 60
72 78
35 38
4 69
72 87
12 82
84 89
64 92
35 56
34 88
65 66
22 95
57 62
38 58
46 71
65 84
6 7
18 70
27 48
68 98
98 99
15 92
79 95
19 53
0 49
19 62
39 40
63 96
19 80
30 80
0 76
30 89
60 90
75 97
72 73
32 37
37 70
56 83
1 58
3 77
53 96
49 53
5 28
76 79
14 95
57 75
27 34
7 65
6 11
79 81
7 74
49 89
82 86
50 63
27 61
71 95
20 22
20 31
29 98
12 36
20 58
33 77
60 94
31 58
33 86
16 24
2 89
25 91
24 37
1 35
64 82
56 78
34 78
38 39
14 81
9 12
34 96
22 94
86 97
89 93
26 55
9 21
7 51
14 99
27 29
70 98
38 75
71 72
8 34
19 34
15 82
7 78
8 43
26 91
42 45
27 47
27 65
40 84
12 13
40 93
63 95
31 35
83 91
13 14
10 79
45 46
33 81
53 59
93 95
34 55
44 99
34 64
45 64
64 77
53 77
37 60
34 73
45 73
14 67
45 82
46 47
78 79
15 41
86 92
14 85
49 52
22 98
46 65
3 94
15 59
49 61
55 95
18 55
19 20
15 68
19 29
79 80
28 96
71 76
48 74
0 34
18 82
8 47
19 56
20 21
52 53
21 84
60 66
41 62
52 62
31 39
33 58
44 58
23 35
52 71
60 84
33 67
41 71
53 54
1 16
2 79
74 95
56 59
85 95
37 55
3 62
26 27
32 98
3 71
86 87
46 51
18 32
67 83
26 45
86 96
14 89
36 86
7 50
27 28
70 97
19 24
27 37
0 20
11 29
9 96
8 42
30 51
21 70
41 48
60 61
4 8
52 57
21 88
41 75
1 2
33 80
10 78
74 81
93 94
53 58
3 39
45 54
51 88
25 85
37 41
43 93
15 31
35 98
13 98
70 74
67 87
47 81
15 58
28 77
55 94
36 90
36 99
9 82
5 93
17 95
92 98
9 91
48 73
29 60
40 69
71 84
0 42
11 42
63 80
29 87
41 52
33 48
40 96
62 93
33 57
52 70
2 51
10 64
2 60
44 75
22 38
25 71
14 43
3 43
85 94
51 92
32 79
3 52
13 84
24 84
43 97
59 60
18 31
59 69
16 98
7 40
36 76
0 1
48 50
8 14
29 46
47 94
9 77
48 59
92 93
48 68
28 99
29 64
5 97
11 28
40 73
33 34
6 80
33 43
10 41
4 7
44 52
4 16
10 50
54 84
73 97
44 61
62 97
2 55
39 95
34 35
66 67
3 38
74 98
35 79
7 8
