50
100
44 45
13 42
16 38
8 9
40 41
17 21
14 49
41 42
18 19
35 44
14 15
29 34
9 10
12 36
20 49
21 48
15 16
47 48
17 44
42 43
38 39
48 49
14 26
16 17
10 40
12 13
22 23
10 15
13 14
4 45
45 46
34 46
46 47
23 24
29 40
5 18
6 47
4 38
19 20
24 25
20 21
12 35
14 32
30 31
27 44
25 26
26 27
6 24
2 42
21 22
31 32
5 13
17 18
27 28
27 37
5 34
5 6
1 2
28 29
10 23
29 30
43 47
2 3
17 40
41 43
3 4
35 36
17 24
36 37
0 17
14 43
15 17
32 33
6 14
24 29
41 45
4 5
10 48
7 40
18 40
0 1
8 14
10 11
9 13
23 39
37 38
6 7
33 34
43 44
7 24
1 38
1 47
2 46
39 40
34 35
11 12
34 44
28 37
5 35
7 8
