999
499
334 412
521 656
111 254
748 802
292 433
20 877
170 416
899 961
898 993
138 887
718 806
181 830
163 642
74 466
104 754
398 926
422 902
199 735
663 699
944 996
370 882
80 387
497 685
224 499
142 228
626 826
826 851
94 389
393 713
486 675
201 372
51 100
540 893
69 234
321 446
351 734
234 841
338 880
165 552
420 433
594 985
65 394
255 473
324 972
712 968
416 826
516 913
225 459
569 677
163 273
895 945
94 649
25 150
655 704
182 780
114 654
105 682
321 733
9 574
358 471
438 598
362 441
87 749
114 348
563 876
347 745
273 768
306 954
913 976
389 589
40 920
332 701
252 592
203 825
103 887
552 951
408 687
194 196
51 58
769 958
110 391
270 618
222 303
505 521
319 730
51 570
511 671
561 928
60 646
327 343
80 969
566 881
828 890
791 990
81 296
517 616
307 468
768 881
754 946
382 665
405 905
268 652
373 854
250 900
83 634
180 823
786 870
159 220
285 359
433 621
437 722
135 271
130 440
158 767
204 227
25 759
766 924
244 281
478 884
7 225
267 957
392 710
617 819
285 336
658 936
567 836
216 987
218 691
215 366
240 688
409 506
6 777
134 405
496 641
643 849
881 995
484 523
416 895
62 412
2 388
649 873
108 891
553 667
433 849
362 798
553 914
788 906
292 730
546 637
669 689
514 941
334 345
436 850
244 271
545 784
633 906
48 881
438 658
283 784
469 636
216 465
718 959
71 721
8 683
425 477
240 413
269 736
520 983
388 693
187 285
382 780
432 610
127 737
240 278
265 460
305 771
300 445
519 623
533 796
478 860
284 348
590 921
802 948
679 868
238 875
5 914
523 620
208 703
686 754
6 488
414 817
481 879
165 759
137 270
584 590
321 765
114 951
122 964
684 695
51 266
32 927
329 476
475 530
739 896
79 450
194 260
47 250
3 976
158 194
452 564
305 640
323 410
233 791
773 912
57 794
532 947
543 944
652 860
836 940
133 789
479 541
136 467
135 740
104 344
21 346
99 674
215 440
429 558
46 677
580 965
71 441
316 519
927 929
216 935
250 281
543 683
707 925
27 928
39 893
335 388
448 921
209 685
597 919
459 549
163 825
453 627
230 317
214 363
338 942
118 911
75 550
161 464
72 526
323 535
102 576
182 267
797 976
378 596
903 957
783 901
360 965
660 687
736 834
118 394
464 650
558 913
488 598
257 994
712 980
421 953
343 634
175 650
559 752
252 762
197 408
245 314
9 74
99 367
759 962
302 713
273 686
69 609
65 230
196 430
279 446
44 826
143 432
589 644
269 764
409 695
429 673
19 500
815 955
111 610
331 613
307 921
36 854
410 924
812 922
696 738
556 853
573 905
519 934
217 322
228 233
648 679
340 801
551 765
567 602
656 787
167 250
30 95
403 606
1 446
671 704
703 736
127 549
166 379
769 974
141 224
219 552
430 852
665 718
284 389
156 203
309 720
578 597
498 735
388 473
635 997
593 753
96 194
27 85
580 899
293 311
291 378
62 555
86 674
112 156
161 448
486 882
253 769
424 907
276 947
543 873
344 398
746 805
109 797
70 778
32 824
255 698
399 873
415 561
27 574
82 141
15 856
65 219
654 861
205 706
549 906
223 238
130 941
462 529
95 992
151 249
947 952
67 274
429 855
541 669
128 131
339 961
691 882
786 863
242 885
156 723
218 518
621 670
486 625
169 271
904 967
284 603
77 453
109 760
0 853
224 570
752 884
173 753
178 630
300 565
551 574
492 497
685 821
186 472
224 435
680 962
32 432
11 965
42 315
680 971
357 955
235 602
371 899
24 675
58 161
72 724
352 867
100 661
312 840
45 725
321 638
271 399
130 567
95 838
123 253
827 882
747 773
257 500
308 582
551 825
465 803
215 619
255 939
470 747
70 902
338 555
59 246
142 271
71 885
154 236
218 885
3 341
390 610
484 803
598 788
819 882
162 761
29 497
696 811
152 558
562 969
735 897
593 804
370 408
243 285
512 995
93 773
169 741
82 871
159 566
546 746
63 211
55 746
583 911
475 820
59 991
52 866
254 830
418 682
77 114
497 835
577 678
89 604
28 118
549 863
815 982
713 980
45 283
814 892
781 980
353 444
146 469
124 868
151 565
278 288
242 869
106 679
196 591
39 271
290 527
323 951
572 609
40 608
203 733
225 919
60 168
432 714
417 424
73 623
248 484
25 183
456 918
373 920
270 517
771 948
0 940
70 190
117 698
692 758
166 819
