50
300
10 34
41 49
15 30
16 29
44 45
13 42
10 43
35 42
16 38
25 32
43 46
46 48
8 9
20 29
23 25
40 41
17 21
29 41
9 17
21 46
9 35
14 49
3 49
4 48
36 46
41 42
19 39
18 19
15 32
16 31
7 28
35 44
16 40
14 15
29 34
20 31
3 15
9 10
6 41
2 4
40 43
23 27
12 36
20 49
21 48
5 39
15 16
47 48
10 29
15 25
17 44
42 43
7 21
19 41
27 45
2 34
16 33
33 49
10 47
0 46
11 37
38 39
20 33
48 49
9 12
14 26
40 45
14 35
4 43
27 38
13 21
16 17
8 34
13 30
42 45
10 40
1 37
18 23
16 35
12 13
2 45
22 23
21 25
14 19
14 37
3 37
10 15
13 14
4 45
45 46
34 46
8 27
10 24
27 40
30 36
10 33
1 21
11 32
25 31
17 48
19 45
9 44
42 47
2 38
7 16
32 48
46 47
23 24
29 40
5 18
6 38
9 16
6 47
7 46
12 42
4 38
19 20
13 16
1 14
24 25
27 42
10 35
0 34
5 48
10 44
0 43
25 42
3 5
20 21
1 26
29 33
3 14
22 27
5 11
12 26
6 40
15 43
12 35
14 32
1 7
8 22
13 18
28 34
30 31
10 28
27 44
0 27
25 26
19 40
6 15
8 49
26 27
6 24
2 42
3 7
21 22
15 36
4 6
31 32
5 13
4 15
7 32
3 25
6 42
4 24
23 37
17 18
8 15
27 28
34 43
22 41
27 37
5 34
2 17
3 46
0 29
30 42
8 42
0 38
15 20
11 47
26 29
15 29
5 6
20 25
13 41
6 35
4 17
16 46
1 2
0 4
28 29
31 46
10 23
34 45
20 46
2 19
19 35
32 38
13 34
26 31
29 30
43 47
18 27
44 46
21 26
12 14
7 36
4 28
2 3
3 32
34 47
12 44
3 41
17 40
0 24
2 30
17 49
0 42
41 43
3 4
35 36
13 36
24 36
16 32
12 16
13 45
26 42
4 21
18 38
22 29
17 24
36 37
0 17
2 14
34 49
28 33
11 17
14 43
17 42
2 23
4 42
0 35
15 17
32 33
6 14
24 29
41 45
16 25
4 5
24 38
33 41
26 35
16 34
10 48
35 47
7 40
18 40
0 1
8 14
10 11
9 13
39 47
19 23
36 39
23 39
37 38
28 35
30 32
22 49
23 48
37 47
2 16
6 7
9 40
13 22
33 34
13 31
43 44
7 24
1 38
15 37
4 7
1 47
2 46
39 40
3 20
34 35
8 16
9 15
11 12
20 45
34 44
31 45
23 41
0 21
28 37
5 35
3 47
7 8
