1000
999
989 990
444 445
67 68
838 839
99 100
687 688
719 720
536 537
898 899
159 160
930 931
8 9
779 780
40 41
628 629
990 991
251 252
477 478
100 101
871 872
132 133
720 721
343 344
931 932
569 570
192 193
963 964
41 42
812 813
73 74
661 662
284 285
872 873
133 134
904 905
753 754
376 377
14 15
964 965
225 226
74 75
845 846
468 469
106 107
694 695
317 318
905 906
166 167
937 938
15 16
786 787
409 410
47 48
226 227
997 998
258 259
846 847
107 108
878 879
318 319
350 351
938 939
199 200
48 49
442 443
80 81
259 260
291 292
879 880
140 141
351 352
383 384
971 972
232 233
820 821
443 444
81 82
475 476
292 293
324 325
912 913
535 536
173 174
384 385
22 23
416 417
233 234
627 628
265 266
853 854
476 477
114 115
325 326
357 358
945 946
568 569
206 207
417 418
55 56
449 450
266 267
660 661
298 299
886 887
996 997
509 510
147 148
358 359
390 391
207 208
978 979
601 602
239 240
450 451
299 300
693 694
331 332
542 543
391 392
423 424
240 241
602 603
634 635
970 971
483 484
332 333
364 365
181 182
575 576
424 425
635 636
273 274
667 668
516 517
727 728
365 366
214 215
608 609
819 820
457 458
668 669
306 307
911 912
549 550
760 761
398 399
21 22
609 610
641 642
852 853
490 491
113 114
701 702
339 340
944 945
582 583
205 206
793 794
431 432
54 55
642 643
752 753
674 675
885 886
523 524
146 147
734 735
583 584
615 616
826 827
87 88
675 676
918 919
179 180
767 768
28 29
616 617
726 727
648 649
88 89
859 860
120 121
708 709
557 558
180 181
29 30
800 801
61 62
649 650
272 273
121 122
892 893
153 154
741 742
2 3
590 591
700 701
213 214
62 63
833 834
94 95
682 683
305 306
154 155
3 4
774 775
397 398
35 36
623 624
733 734
246 247
985 986
95 96
866 867
127 128
715 716
338 339
187 188
36 37
807 808
430 431
68 69
279 280
977 978
128 129
899 900
160 161
371 372
959 960
707 708
220 221
69 70
101 102
312 313
161 162
372 373
10 11
404 405
992 993
253 254
951 952
464 465
102 103
313 314
345 346
933 934
556 557
194 195
405 406
43 44
286 287
984 985
497 498
135 136
346 347
378 379
966 967
589 590
227 228
925 926
438 439
76 77
287 288
319 320
907 908
530 531
168 169
379 380
489 490
622 623
260 261
958 959
471 472
320 321
352 353
563 564
412 413
261 262
293 294
991 992
504 505
353 354
463 464
385 386
596 597
932 933
445 446
294 295
537 538
748 749
386 387
9 10
629 630
840 841
478 479
689 690
327 328
437 438
570 571
781 782
419 420
42 43
268 269
873 874
511 512
134 135
722 723
360 361
681 682
603 604
814 815
452 453
75 76
663 664
411 412
773 774
544 545
755 756
865 866
16 17
714 715
847 848
108 109
696 697
806 807
655 656
577 578
788 789
49 50
637 638
747 748
109 110
729 730
839 840
688 689
201 202
50 51
821 822
82 83
670 671
780 781
142 143
762 763
23 24
721 722
234 235
83 84
854 855
115 116
703 704
813 814
326 327
662 663
175 176
24 25
795 796
56 57
644 645
754 755
267 268
965 966
116 117
736 737
359 360
695 696
208 209
906 907
57 58
167 168
828 829
89 90
787 788
300 301
998 999
636 637
149 150
30 31
728 729
241 242
939 940
90 91
200 201
333 334
669 670
182 183
880 881
31 32
141 142
761 762
274 275
972 973
485 486
123 124
215 216
913 914
426 427
64 65
174 175
307 308
518 519
156 157
5 6
610 611
248 249
946 947
459 460
97 98
418 419
340 341
551 552
189 190
887 888
400 401
148 149
510 511
281 282
979 980
492 493
451 452
584 585
222 223
920 921
433 434
543 544
392 393
314 315
525 526
861 862
374 375
122 123
484 485
953 954
466 467
576 577
425 426
558 559
407 408
517 518
366 367
499 500
348 349
458 459
802 803
440 441
550 551
63 64
399 400
532 533
381 382
491 492
4 5
702 703
473 474
794 795
432 433
643 644
565 566
776 777
524 525
37 38
735 736
373 374
506 507
827 828
465 466
676 677
809 810
919 920
70 71
768 769
406 407
617 618
130 131
750 751
498 499
860 861
11 12
709 710
952 953
801 802
650 651
163 164
783 784
893 894
44 45
742 743
255 256
591 592
724 725
834 835
683 684
196 197
894 895
155 156
926 927
775 776
288 289
986 987
624 625
137 138
247 248
835 836
96 97
757 758
867 868
18 19
716 717
229 230
927 928
188 189
808 809
657 658
170 171
280 281
868 869
129 130
900 901
749 750
262 263
960 961
598 599
111 112
221 222
841 842
690 691
203 204
901 902
162 163
782 783
295 296
993 994
144 145
254 255
842 843
103 104
874 875
236 237
934 935
85 86
195 196
815 816
539 540
177 178
875 876
136 137
347 348
269 270
967 968
118 119
228 229
816 817
439 440
77 78
210 211
908 909
531 532
169 170
380 381
513 514
151 152
849 850
472 473
110 111
321 322
243 244
941 942
564 565
202 203
790 791
413 414
51 52
656 657
882 883
505 506
143 144
354 355
974 975
487 488
235 236
597 598
446 447
538 539
387 388
520 521
630 631
479 480
328 329
461 462
571 572
420 421
631 632
512 513
25 26
723 724
361 362
572 573
494 495
604 605
453 454
664 665
302 303
435 436
545 546
756 757
394 395
17 18
605 606
848 849
486 487
697 698
335 336
546 547
940 941
578 579
789 790
427 428
638 639
881 882
519 520
730 731
579 580
973 974
611 612
822 823
671 672
914 915
552 553
763 764
612 613
823 824
84 85
855 856
704 705
217 218
915 916
553 554
176 177
947 948
796 797
645 646
856 857
117 118
888 889
737 738
250 251
948 949
586 587
209 210
797 798
980 981
58 59
829 830
678 679
191 192
301 302
527 528
889 890
150 151
921 922
770 771
393 394
981 982
619 620
242 243
830 831
91 92
862 863
711 712
224 225
334 335
922 923
183 184
771 772
954 955
32 33
803 804
165 166
275 276
863 864
124 125
895 896
744 745
367 368
955 956
216 217
804 805
987 988
65 66
836 837
276 277
198 199
308 309
896 897
157 158
745 746
928 929
368 369
6 7
988 989
139 140
249 250
837 838
460 461
98 99
309 310
341 342
929 930
190 191
778 779
401 402
39 40
172 173
282 283
870 871
493 494
131 132
342 343
962 963
585 586
223 224
811 812
434 435
72 73
283 284
677 678
315 316
903 904
526 527
164 165
375 376
769 770
995 996
618 619
256 257
467 468
316 317
710 711
559 560
197 198
408 409
257 258
651 652
289 290
500 501
349 350
743 744
560 561
592 593
441 442
652 653
290 291
684 685
501 502
533 534
382 383
593 594
231 232
625 626
474 475
685 686
323 324
717 718
534 535
566 567
777 778
415 416
38 39
626 627
264 265
658 659
869 870
507 508
718 719
356 357
567 568
961 962
599 600
810 811
448 449
71 72
659 660
691 692
508 509
902 903
540 541
751 752
12 13
600 601
994 995
632 633
843 844
481 482
104 105
692 693
541 542
935 936
573 574
13 14
784 785
45 46
633 634
665 666
482 483
844 845
105 106
876 877
725 726
936 937
574 575
968 969
785 786
46 47
817 818
78 79
666 667
877 878
515 516
138 139
909 910
758 759
19 20
607 608
969 970
230 231
818 819
456 457
79 80
850 851
699 700
322 323
910 911
548 549
171 172
759 760
942 943
20 21
791 792
414 415
52 53
640 641
263 264
851 852
112 113
883 884
732 733
355 356
943 944
204 205
792 793
975 976
53 54
824 825
447 448
673 674
296 297
884 885
145 146
916 917
765 766
388 389
26 27
976 977
237 238
825 826
86 87
857 858
480 481
297 298
329 330
917 918
178 179
766 767
949 950
389 390
27 28
421 422
238 239
270 271
858 859
119 120
330 331
362 363
950 951
211 212
799 800
422 423
60 61
454 455
271 272
303 304
891 892
514 515
152 153
740 741
363 364
1 2
395 396
212 213
983 984
606 607
244 245
832 833
455 456
93 94
304 305
698 699
336 337
924 925
547 548
185 186
396 397
428 429
245 246
639 640
277 278
488 489
126 127
337 338
731 732
369 370
186 187
957 958
580 581
218 219
429 430
278 279
672 673
310 311
521 522
370 371
764 765
402 403
219 220
581 582
613 614
462 463
311 312
705 706
522 523
554 555
403 404
614 615
252 253
646 647
495 496
706 707
344 345
738 739
555 556
193 194
587 588
798 799
436 437
59 60
647 648
285 286
679 680
496 497
890 891
528 529
739 740
377 378
0 1
588 589
982 983
620 621
831 832
469 470
92 93
680 681
712 713
529 530
923 924
561 562
184 185
772 773
410 411
33 34
621 622
653 654
470 471
864 865
502 503
125 126
713 714
562 563
956 957
594 595
34 35
805 806
66 67
654 655
686 687
503 504
897 898
158 159
746 747
7 8
595 596
