100
300
72 73
26 85
67 68
44 45
54 77
27 68
55 84
7 99
8 9
3 77
1 58
40 41
10 70
11 69
2 75
57 75
85 91
7 65
41 42
96 97
7 74
18 19
73 74
50 63
27 61
71 95
73 92
9 56
14 15
20 31
29 98
9 10
5 76
74 75
28 87
57 68
21 48
20 58
33 77
29 70
15 16
30 40
47 48
38 82
42 43
28 53
71 88
7 30
27 72
40 91
38 39
48 49
14 81
20 97
80 81
12 29
58 81
34 96
75 76
39 46
0 9
85 86
80 90
7 51
89 93
71 72
16 17
8 34
81 82
35 85
13 94
8 43
9 42
72 79
54 74
53 84
12 13
22 23
77 78
34 89
31 35
49 50
15 48
14 92
15 57
83 91
13 14
10 79
45 46
19 27
55 56
50 51
82 83
11 96
64 77
68 93
54 76
31 74
51 52
12 70
46 47
6 93
23 24
78 79
28 75
60 73
83 84
4 29
3 94
69 94
40 58
19 20
1 69
13 80
24 25
79 80
33 92
56 57
1 87
25 88
36 54
20 67
22 64
56 66
72 74
16 85
20 21
62 91
52 53
37 80
41 62
52 62
57 58
86 94
33 58
89 90
5 84
40 51
60 84
33 67
67 99
23 35
24 73
53 54
16 69
8 86
30 31
8 31
36 47
11 27
25 26
46 79
10 37
90 91
74 95
63 65
82 87
8 49
48 76
37 55
26 27
20 69
39 91
9 12
21 22
54 89
20 87
31 32
86 87
35 48
46 51
16 44
69 89
32 70
17 18
27 83
27 28
19 24
27 37
54 55
64 65
8 97
9 96
17 54
30 51
21 70
5 6
60 61
4 8
87 88
58 82
97 98
1 2
30 72
11 13
28 29
20 46
47 97
93 94
8 90
10 23
45 54
88 89
43 93
54 75
6 74
6 83
31 60
29 30
84 85
21 81
61 62
35 43
52 59
27 69
24 52
30 65
33 64
64 97
2 3
17 31
45 47
62 63
5 93
93 96
94 95
28 31
83 86
71 84
41 98
38 81
3 4
58 59
35 36
26 33
58 68
59 67
7 29
27 62
95 96
61 64
62 93
47 83
8 76
36 37
91 92
25 71
68 69
2 14
63 64
14 43
31 59
15 72
0 35
68 87
32 33
6 14
43 97
4 5
59 60
69 70
12 82
21 30
33 50
7 95
82 98
7 40
0 1
33 68
10 11
65 66
9 77
48 59
37 38
92 93
51 85
12 48
29 64
6 7
0 92
33 34
13 31
68 98
43 44
98 99
70 71
18 33
0 49
34 81
39 40
34 35
11 12
66 67
17 28
76 77
19 80
19 25
0 76
40 66
7 8
