1000
2000
838 839
467 932
536 537
748 802
478 941
8 9
44 420
40 41
338 638
170 416
871 872
343 344
569 570
41 42
299 566
73 74
163 642
872 873
904 905
229 358
663 699
376 377
74 75
106 107
905 906
610 809
937 938
409 410
540 893
601 760
107 108
117 796
351 734
128 805
938 939
442 443
338 880
104 713
328 341
197 675
140 141
971 972
255 473
443 444
249 313
475 476
204 836
426 620
173 174
25 47
476 477
307 519
206 207
509 510
207 208
183 754
239 240
114 654
542 543
240 241
9 574
575 576
273 274
273 768
608 609
306 307
911 912
216 270
609 610
641 642
103 887
239 482
113 114
339 340
344 684
944 945
409 521
642 643
674 675
146 147
42 355
51 58
675 676
179 180
726 727
708 709
180 181
203 393
828 890
353 746
741 742
213 214
278 343
377 465
109 242
774 775
565 781
465 843
246 247
551 703
29 398
382 665
95 343
807 808
83 634
279 280
87 195
312 313
159 220
437 722
10 11
135 271
212 640
313 314
345 346
110 592
43 44
346 347
644 907
378 379
267 957
925 926
76 77
907 908
379 380
958 959
304 880
412 413
20 712
101 371
991 992
6 777
134 405
463 464
109 906
445 446
53 974
306 925
748 749
126 549
367 383
478 479
189 196
496 533
781 782
339 549
101 757
511 512
362 798
216 335
669 689
814 815
452 691
544 545
865 866
16 17
695 863
413 885
847 848
577 578
469 636
49 50
179 425
70 518
670 891
520 983
650 833
50 51
388 684
82 83
187 285
432 610
677 823
791 808
286 901
83 84
115 116
662 663
644 645
965 966
116 117
226 663
695 696
138 550
167 168
390 585
998 999
149 150
193 714
728 729
200 201
571 782
258 322
624 937
46 143
71 990
182 183
695 817
761 762
114 951
485 486
561 853
215 216
325 762
739 896
754 759
174 184
443 983
518 519
248 249
3 976
305 640
390 598
551 552
281 282
224 651
584 585
118 898
314 315
861 862
713 735
446 620
580 965
377 785
593 675
927 929
446 476
366 367
624 891
135 205
348 349
707 925
209 685
399 400
506 871
381 382
702 703
432 433
118 911
715 901
456 561
161 464
543 566
735 736
530 712
465 466
797 976
903 957
768 769
750 751
498 499
123 738
801 802
766 844
117 435
783 784
127 479
150 203
255 256
834 835
291 587
177 565
484 722
534 988
288 289
199 589
835 836
867 868
18 19
237 472
268 688
37 563
868 869
900 901
295 678
598 599
92 764
379 677
901 902
312 358
611 654
103 104
254 273
934 935
85 86
531 667
136 137
967 968
118 119
439 440
20 636
29 47
169 170
25 422
151 152
472 473
815 955
202 203
391 893
331 613
692 741
505 506
535 794
487 488
235 236
556 853
538 539
573 905
519 934
520 521
567 602
571 572
356 418
773 972
25 26
572 573
603 640
604 605
302 303
166 379
605 606
335 336
940 941
638 639
237 295
494 854
19 481
593 753
973 974
138 438
198 303
185 284
610 922
671 672
580 899
373 749
230 557
112 156
704 705
176 177
152 457
210 578
256 694
543 873
737 738
209 210
169 811
191 192
770 771
242 243
224 225
302 931
771 772
803 804
654 861
205 706
275 276
284 770
804 805
836 837
276 277
308 309
6 7
430 680
837 838
367 660
309 310
359 656
341 342
39 40
870 871
479 986
116 934
342 343
82 612
72 73
677 678
903 904
169 271
375 376
424 906
88 957
284 603
77 453
710 711
589 601
265 769
408 409
551 574
353 967
743 744
85 658
441 442
235 602
72 724
627 834
474 475
777 778
380 962
507 508
603 741
123 253
810 811
508 509
270 946
540 541
12 13
843 844
541 542
573 574
13 14
372 441
45 46
470 747
197 323
844 845
876 877
583 624
574 575
59 246
46 47
78 79
877 878
909 910
607 608
390 610
484 803
79 80
910 911
942 943
152 558
414 415
640 641
244 641
124 496
112 113
139 884
470 724
370 408
29 344
943 944
975 976
447 448
673 674
232 294
145 146
93 773
976 977
298 733
480 481
55 746
178 179
110 718
497 835
211 212
514 515
740 741
370 650
212 213
108 501
244 245
547 548
245 246
277 278
781 980
146 469
580 581
278 279
253 860
17 95
310 311
581 582
613 614
196 591
311 312
168 263
219 723
614 615
646 647
40 608
344 345
281 405
499 893
647 648
90 465
679 680
377 378
982 983
680 681
712 713
270 517
771 948
184 185
410 411
713 714
446 599
838 974
452 938
746 747
324 609
63 425
736 962
444 445
215 293
781 970
99 118
779 780
292 433
26 951
251 252
477 478
899 961
812 813
284 285
667 840
688 783
14 15
21 994
370 882
845 846
317 318
94 389
15 16
47 48
846 847
819 830
878 879
318 319
350 351
48 49
117 823
80 81
879 880
351 352
383 384
81 82
77 606
416 826
912 913
129 653
778 833
384 385
416 417
151 671
114 115
348 956
945 946
101 670
475 768
417 418
449 450
895 945
996 997
147 148
655 704
182 780
978 979
450 451
436 516
105 682
483 484
345 779
614 824
305 743
181 182
123 815
279 425
438 598
593 621
87 749
697 858
516 517
14 270
347 745
214 215
794 876
819 820
503 992
644 702
549 550
21 22
332 701
252 592
852 853
275 841
582 583
245 818
54 55
885 886
850 928
583 584
615 616
87 88
270 618
336 792
918 919
505 521
616 617
648 649
507 710
88 89
120 121
484 812
475 843
649 650
595 679
566 881
121 122
153 154
700 701
517 616
682 683
154 155
985 986
733 734
715 716
405 905
187 188
162 918
220 221
799 980
226 301
897 994
253 254
637 774
556 557
286 287
589 590
720 893
287 288
134 949
319 320
250 486
622 623
567 836
404 809
320 321
216 987
352 353
194 590
312 582
353 354
452 476
385 386
932 933
386 387
62 412
281 450
689 690
437 438
79 730
419 420
433 849
722 723
508 763
452 453
773 774
166 999
755 756
552 805
806 807
830 935
788 789
251 850
800 992
718 959
839 840
8 683
277 313
513 935
821 822
382 780
23 24
77 144
854 855
204 859
326 327
329 890
224 279
24 25
784 796
56 57
714 966
359 360
906 907
57 58
89 90
407 665
636 637
52 208
939 940
90 91
165 759
653 842
669 670
141 142
972 973
123 124
768 914
426 427
174 175
476 922
223 476
424 466
156 157
273 562
452 564
459 460
57 300
241 875
189 190
233 791
510 511
57 794
211 852
492 493
133 789
222 223
543 544
70 849
525 526
429 558
46 677
576 577
225 499
558 559
806 810
194 282
448 921
63 64
71 971
249 483
273 840
163 825
638 709
643 644
713 968
72 526
373 374
690 984
99 925
676 677
406 407
844 935
130 131
39 879
709 710
285 791
179 481
464 650
163 164
360 821
488 598
742 743
257 994
724 725
196 197
775 776
247 248
757 758
229 230
567 783
808 809
280 281
262 263
841 842
295 296
273 686
348 451
842 843
874 875
875 876
26 256
347 348
267 993
143 432
77 78
526 844
908 909
380 381
110 111
21 973
941 942
413 414
194 635
143 144
285 902
974 975
446 447
696 738
5 704
479 480
656 787
461 462
374 543
167 250
624 983
512 513
30 95
120 663
477 555
502 728
494 495
33 286
868 971
45 260
545 546
623 645
17 18
173 674
848 849
546 547
578 579
309 720
336 408
446 725
881 882
700 870
498 735
579 580
611 612
130 196
448 505
914 915
612 613
62 555
291 378
329 670
161 448
84 85
915 916
947 948
707 850
645 646
117 118
948 949
980 981
678 679
150 151
61 73
981 982
231 633
388 962
255 698
711 712
27 574
183 184
165 166
744 745
216 217
67 274
54 155
202 956
198 199
745 746
249 250
786 863
242 885
778 779
282 283
585 586
444 610
811 812
321 805
283 284
315 316
70 665
618 619
316 317
651 652
521 722
855 976
349 350
652 653
149 441
11 965
684 685
42 315
371 899
382 383
119 418
424 874
685 686
717 718
309 664
415 416
718 719
370 530
227 481
448 449
195 943
510 955
751 752
481 482
29 996
465 803
141 154
65 424
784 785
107 686
482 483
75 590
785 786
817 818
142 271
515 516
19 20
3 341
818 819
850 851
295 449
322 323
548 549
471 940
93 234
212 600
20 21
52 53
851 852
883 884
355 356
70 632
53 54
884 885
916 917
388 389
82 871
159 566
334 418
551 941
546 746
46 280
86 87
455 973
917 918
949 950
389 390
421 422
336 872
282 901
119 120
950 951
422 423
454 455
152 153
983 984
620 932
455 456
713 980
185 186
421 579
488 489
186 187
218 219
156 244
521 522
130 637
219 220
102 538
222 454
389 488
522 523
554 555
323 951
252 253
253 972
555 556
587 588
60 168
432 714
59 60
509 934
285 286
397 464
421 821
890 891
248 484
588 589
620 621
127 868
92 93
264 348
923 924
621 622
467 564
653 654
125 126
70 190
956 957
582 630
249 341
654 655
412 713
686 687
61 635
158 159
989 990
687 688
719 720
159 160
129 546
990 991
720 721
124 467
250 543
192 193
104 754
753 754
944 996
225 226
497 685
142 228
121 254
486 675
203 732
786 787
226 227
258 259
259 260
234 841
2 418
291 292
148 392
820 821
65 394
873 913
169 860
292 293
324 325
22 23
33 298
627 628
853 854
325 326
357 358
55 56
660 661
886 887
358 359
390 391
272 930
693 694
391 392
337 421
423 424
970 971
814 840
519 806
424 425
114 348
412 716
727 728
230 825
457 458
877 901
760 761
490 491
155 507
408 687
793 794
82 553
391 634
523 524
140 643
826 827
410 503
222 303
319 730
28 29
527 679
598 968
859 860
511 671
118 331
557 558
654 985
29 30
25 634
61 62
384 981
892 893
435 797
590 591
62 63
307 468
94 95
397 398
276 666
623 624
95 96
127 128
430 431
977 978
823 920
128 129
160 161
706 780
959 960
707 708
182 594
433 621
161 162
992 993
130 440
464 465
762 796
158 767
641 735
194 195
497 498
7 225
227 228
577 606
376 702
530 531
34 593
247 737
260 261
579 801
262 716
563 564
93 678
158 744
261 262
293 294
752 765
596 597
87 311
881 995
294 295
416 895
74 786
629 630
145 846
327 328
2 388
649 873
702 885
319 589
134 135
360 361
681 682
663 664
411 412
714 715
244 271
696 697
389 546
633 906
747 748
729 730
335 574
201 202
780 781
762 763
234 235
813 814
316 682
795 796
300 445
267 268
181 902
14 725
828 829
300 301
30 31
333 334
880 881
31 32
584 590
475 683
493 966
913 914
64 65
236 257
393 506
410 967
403 928
946 947
158 194
97 98
630 827
37 987
418 419
249 461
323 410
400 401
148 149
979 980
543 944
201 686
76 160
451 452
433 434
135 740
104 344
685 884
283 495
21 346
484 485
99 674
466 467
752 830
517 518
499 500
216 935
802 803
550 551
532 533
459 549
4 5
610 718
27 546
565 566
102 576
39 111
37 38
378 596
217 499
919 920
70 71
617 618
398 430
952 953
563 763
788 881
650 651
558 913
122 760
406 964
683 684
155 156
352 435
305 360
986 987
137 138
256 467
716 717
252 762
164 878
188 189
318 564
245 314
170 171
9 74
346 891
749 750
163 806
472 887
221 222
203 204
782 783
254 255
309 865
236 237
815 816
539 540
439 602
269 270
44 826
816 817
157 852
269 764
429 673
461 705
674 849
849 850
294 448
321 322
51 52
279 850
656 657
882 883
410 924
354 355
399 771
387 388
217 322
394 921
171 620
772 989
420 421
698 811
178 924
723 724
688 766
117 685
453 454
289 611
2 289
127 549
435 436
756 757
434 706
141 224
219 552
486 487
665 718
338 360
284 389
905 965
156 203
789 790
519 520
51 186
41 667
12 869
635 997
96 194
822 823
64 650
868 939
552 553
823 824
271 985
855 856
332 815
458 811
553 554
76 480
417 630
414 741
856 857
888 889
586 587
156 445
58 59
32 824
889 890
278 965
921 922
156 710
393 394
619 620
438 545
311 504
91 92
922 923
954 955
15 856
363 816
464 719
825 990
549 906
124 125
462 529
568 776
955 956
987 988
947 952
430 842
157 158
128 131
988 989
334 465
139 140
691 882
460 461
190 191
72 464
172 173
218 518
493 494
294 693
223 224
557 923
526 527
904 967
256 257
9 682
224 570
559 560
183 309
257 258
289 290
300 565
560 561
592 593
290 291
357 955
593 594
625 626
100 661
323 324
414 708
82 872
626 627
537 778
658 659
851 974
271 399
356 357
760 972
961 962
827 882
747 773
659 660
691 692
257 500
261 470
994 995
692 693
215 619
125 991
788 926
186 332
725 726
758 759
102 454
230 231
456 457
759 760
791 792
562 969
293 924
263 264
735 897
308 415
170 710
792 793
824 825
243 285
296 297
26 27
825 826
857 858
297 298
329 330
27 28
858 859
330 331
77 114
362 363
60 61
825 947
891 892
233 892
363 364
395 396
93 94
45 283
698 699
248 642
924 925
396 397
428 429
126 127
731 732
957 958
429 430
151 565
242 869
690 879
764 765
106 679
240 908
462 463
429 551
495 496
203 733
193 194
798 799
73 623
621 986
496 497
528 529
801 953
0 1
388 900
831 832
308 791
373 920
151 807
529 530
561 562
306 601
33 34
0 940
864 865
302 716
562 563
594 595
34 35
66 67
692 758
717 931
897 898
595 596
67 68
111 254
99 100
898 899
930 931
628 629
100 101
132 133
931 932
963 964
324 977
661 662
133 134
964 965
80 387
468 469
694 695
626 826
826 851
166 167
51 100
997 998
129 514
69 234
22 302
450 865
199 200
240 646
165 552
420 433
232 233
535 536
774 781
386 556
233 234
225 459
512 552
265 266
271 346
569 677
568 569
266 267
451 807
298 299
94 649
161 559
601 602
83 676
299 300
331 332
823 980
321 733
602 603
634 635
520 613
266 388
332 333
364 365
377 484
362 441
635 636
667 668
563 876
365 366
306 954
668 669
102 895
40 920
398 399
390 395
701 702
552 951
205 206
431 432
752 753
334 765
634 648
734 735
194 196
769 958
767 768
86 290
274 606
60 646
800 801
80 969
36 554
272 273
555 890
601 857
2 3
81 296
833 834
305 306
3 4
35 36
285 885
866 867
338 339
255 570
268 652
36 37
373 854
68 69
250 900
495 551
899 900
40 910
371 372
69 70
101 102
460 486
604 988
372 373
404 405
951 952
50 996
102 103
933 934
577 970
405 406
25 759
984 985
135 136
100 444
478 884
966 967
438 439
416 500
495 793
168 169
489 490
961 974
658 936
570 823
471 472
215 366
504 505
330 618
643 849
648 778
537 538
129 484
770 889
314 609
9 10
840 841
221 832
570 571
501 886
42 43
268 269
873 874
108 891
553 667
603 604
514 941
75 76
0 311
240 292
453 930
108 109
735 765
655 656
102 852
545 784
48 881
637 638
62 407
27 678
167 838
109 110
882 963
71 721
240 413
688 689
269 736
670 671
142 143
721 722
703 704
152 830
543 572
175 176
754 755
519 623
625 870
284 348
41 590
736 737
802 948
208 209
238 875
787 788
208 703
95 417
241 242
137 270
236 392
321 765
274 275
379 706
122 964
218 523
32 927
246 707
152 663
307 308
367 588
5 6
610 611
501 853
340 341
887 888
338 417
75 452
239 703
920 921
479 541
116 489
392 393
487 661
146 597
374 375
122 123
693 766
217 657
794 818
953 954
302 764
737 921
425 426
407 408
230 861
738 773
162 726
250 281
458 459
440 441
311 705
597 919
491 492
642 661
214 363
473 474
552 767
92 374
794 795
75 550
442 752
327 914
323 535
776 777
524 525
423 473
158 993
31 772
429 553
719 880
506 507
239 392
10 569
827 828
809 810
318 987
761 882
660 687
860 861
11 12
406 690
893 894
44 45
591 592
894 895
926 927
175 650
340 946
510 640
624 625
440 804
96 97
452 778
927 928
657 658
129 130
99 367
960 961
111 112
12 893
690 691
162 163
379 686
51 475
993 994
69 609
65 230
144 145
576 971
349 663
195 196
177 178
466 955
856 881
228 229
136 820
71 282
14 565
210 211
66 841
494 873
531 532
19 500
513 514
317 688
243 244
564 565
790 791
36 854
679 811
188 988
221 756
240 769
597 598
249 409
630 631
328 329
791 993
631 632
389 461
361 362
736 913
664 665
394 395
697 698
232 369
427 428
289 723
578 597
529 970
730 731
388 473
693 929
52 258
6 965
763 764
217 218
796 797
276 947
250 251
797 798
829 830
70 778
28 961
301 302
527 528
244 585
830 831
862 863
231 880
334 335
32 33
8 579
235 621
223 238
863 864
895 896
95 992
367 368
65 66
302 567
896 897
51 805
928 929
541 669
368 369
15 739
98 99
548 973
675 785
929 930
866 990
401 402
131 132
962 963
434 435
330 872
164 165
769 770
995 996
467 468
109 760
582 943
197 198
321 679
500 501
492 497
283 652
32 432
501 502
105 502
533 534
852 925
1 673
58 161
231 232
352 867
472 969
80 179
534 535
566 567
38 39
264 265
869 870
481 608
567 568
599 600
71 72
902 903
748 845
600 601
632 633
617 919
777 908
104 105
935 936
633 634
665 666
105 106
70 902
936 937
968 969
753 815
666 667
138 139
260 653
218 885
969 970
340 353
819 882
699 700
171 172
696 811
93 481
732 733
204 205
180 751
512 995
765 766
237 238
83 854
480 490
110 691
766 767
446 497
583 911
59 991
52 866
238 239
38 968
270 271
559 819
89 604
799 800
271 272
303 304
700 943
1 2
606 607
832 833
304 305
589 783
336 337
118 523
639 640
764 900
1 532
337 338
369 370
238 890
55 997
672 673
278 288
370 371
402 403
40 316
680 942
92 134
705 706
24 228
403 404
258 431
706 707
738 739
436 437
739 740
469 470
147 419
848 912
180 224
772 773
470 471
502 503
55 192
160 245
117 698
805 806
503 504
453 912
339 890
922 982
246 699
7 8
