1000
10000
32 101
92 906
12 617
793 953
471 673
457 738
302 864
591 738
429 676
162 561
594 972
594 743
626 961
41 42
299 566
156 746
904 905
183 391
697 841
633 856
366 741
58 625
378 566
106 107
484 733
709 851
547 789
115 866
285 523
233 333
128 805
339 988
442 443
328 341
80 764
23 230
971 972
391 397
336 461
55 182
514 733
426 620
734 736
173 174
25 47
64 123
671 801
181 708
160 585
509 510
261 408
431 819
183 754
114 654
655 978
240 241
9 574
776 975
588 924
225 872
25 289
84 344
273 768
567 986
120 297
278 883
116 821
59 287
97 542
205 341
281 888
69 480
79 939
569 766
641 642
384 757
585 747
76 375
750 814
409 521
111 598
18 370
400 472
224 475
831 924
129 652
228 365
305 585
35 724
179 180
277 486
460 873
708 709
432 774
215 547
13 827
3 139
121 131
112 311
585 760
356 900
483 712
815 956
109 242
21 129
620 717
565 781
465 843
246 247
130 301
310 905
134 945
731 935
631 997
312 951
389 417
26 99
265 381
798 881
710 997
784 946
803 959
374 782
135 271
313 314
516 902
596 602
100 435
108 784
8 846
378 379
118 977
74 382
19 446
131 687
907 908
76 980
239 449
313 435
258 728
65 333
846 898
348 621
482 621
205 609
8 967
127 918
39 280
187 969
314 744
11 972
448 744
267 669
83 94
943 952
346 733
607 737
376 841
445 446
221 967
155 384
339 922
345 444
245 506
402 749
350 559
121 736
37 99
322 726
107 801
855 960
781 782
258 741
748 834
566 857
101 757
68 580
362 798
16 161
669 689
177 752
452 691
39 293
273 460
126 935
575 798
308 683
695 863
22 60
670 806
577 578
222 350
139 352
70 518
149 811
746 801
106 175
355 916
520 983
50 51
382 524
330 334
187 285
63 744
546 861
931 968
115 116
282 293
507 640
245 640
644 645
377 530
50 172
965 966
197 828
68 714
167 168
898 912
318 337
153 529
466 989
158 873
87 175
185 481
391 815
542 984
201 691
182 183
761 762
114 951
136 710
203 471
442 753
493 984
653 936
6 371
312 643
754 759
174 184
465 656
12 122
518 519
265 302
289 659
454 992
729 931
60 607
113 470
80 256
305 640
33 181
145 422
659 872
304 415
39 898
534 877
601 638
224 651
550 821
354 946
13 882
118 898
674 887
314 315
140 428
319 430
298 721
279 479
377 785
726 939
927 929
191 366
110 441
366 367
624 891
108 597
206 903
113 712
789 995
135 205
181 321
305 653
425 947
425 718
865 990
381 382
501 713
702 703
67 192
633 832
108 718
449 782
710 823
118 911
715 901
203 726
511 613
357 375
422 770
21 197
367 605
397 713
624 904
498 499
663 832
742 896
594 732
511 734
150 203
279 842
255 256
334 549
224 906
719 848
834 835
177 565
485 718
127 973
476 898
484 722
323 804
216 678
44 157
188 845
133 909
790 913
806 894
259 267
405 550
295 678
144 280
487 619
901 902
323 925
101 812
629 968
128 686
664 666
554 794
103 104
237 858
619 923
254 273
383 912
121 683
275 332
15 930
101 704
118 119
288 796
439 440
535 902
29 47
254 394
452 638
149 866
419 461
369 869
80 995
0 743
616 746
36 171
225 861
257 813
692 741
568 971
310 410
535 794
447 910
342 399
235 236
130 745
553 811
212 518
9 455
556 853
33 812
519 934
66 171
319 351
104 463
269 759
664 800
571 572
81 479
356 418
669 878
774 931
101 128
221 459
345 754
567 867
773 972
116 702
892 923
195 995
205 222
146 810
271 990
302 303
197 775
183 877
539 741
343 866
145 356
115 184
245 937
801 926
212 531
759 929
638 639
237 295
275 587
197 896
687 760
76 606
198 303
342 762
810 867
650 878
617 701
20 482
6 547
40 131
12 69
325 529
490 596
316 480
338 993
99 482
176 177
393 700
150 942
38 243
141 893
222 552
337 539
287 947
543 873
824 886
120 541
469 658
216 249
455 531
367 647
86 139
191 192
91 254
247 767
770 771
302 437
93 263
184 418
120 891
367 768
422 475
205 706
284 770
757 953
232 314
292 365
696 943
283 545
302 558
11 611
308 309
179 424
323 846
175 719
837 838
515 787
367 660
735 827
224 611
177 499
39 40
471 488
168 450
308 430
43 684
483 956
82 612
137 319
95 322
169 271
375 376
141 209
77 453
283 787
429 841
897 946
135 394
589 601
508 905
286 563
571 961
71 86
147 633
353 967
62 266
301 548
807 908
325 905
75 730
223 628
591 795
42 324
267 671
112 797
184 902
459 612
593 841
794 831
87 969
65 456
321 382
114 577
380 962
26 464
471 851
507 508
228 864
603 741
157 166
198 921
160 400
392 972
41 220
588 618
151 580
115 923
104 276
491 685
307 864
71 99
95 685
236 395
105 915
843 844
366 690
383 859
372 441
584 620
45 46
470 747
583 624
60 583
574 575
494 811
461 634
686 981
727 790
484 803
776 911
454 860
910 911
695 986
55 131
215 349
679 978
137 695
112 113
370 408
29 344
975 976
359 744
526 921
685 914
322 862
105 110
93 773
275 750
373 827
206 650
486 704
590 761
232 824
254 583
768 804
262 703
129 588
215 591
308 819
743 747
500 989
192 873
211 886
121 175
200 468
76 432
370 650
244 245
590 653
359 986
617 756
230 347
193 428
312 416
432 710
12 124
151 956
476 524
118 779
352 717
374 476
33 183
580 581
442 876
571 761
529 535
196 591
471 530
311 312
168 263
219 723
107 253
543 820
226 884
18 669
653 951
532 890
647 648
298 494
435 728
379 833
712 713
268 736
562 954
529 777
441 664
735 882
274 487
408 487
881 936
638 949
757 900
140 672
814 882
425 841
65 269
63 425
717 949
736 962
244 500
648 849
202 503
155 428
895 955
413 952
463 544
193 683
143 862
174 441
779 780
292 433
125 256
66 615
129 146
240 916
367 957
105 728
62 92
688 783
399 680
55 870
256 860
317 318
663 726
220 385
165 449
137 616
846 847
109 554
582 737
57 98
339 750
48 49
177 688
507 563
22 814
89 575
220 506
598 866
49 395
785 958
329 678
384 385
2 283
106 111
449 450
387 804
855 909
82 922
552 871
574 630
216 922
276 973
978 979
136 404
494 637
227 522
493 678
135 933
479 514
253 696
332 989
123 815
109 917
467 625
219 294
697 858
516 517
347 745
801 915
87 111
56 761
820 928
567 748
386 407
503 992
759 918
644 702
720 926
393 568
252 592
104 694
799 990
852 853
650 867
669 880
230 281
268 307
245 818
54 55
6 307
639 974
850 928
583 584
674 702
315 769
222 541
810 977
648 649
507 710
611 767
454 820
121 122
659 700
700 701
404 410
516 651
157 718
377 721
168 318
80 434
715 716
527 894
186 601
126 321
19 195
57 487
733 770
109 125
128 138
592 767
275 831
127 667
751 760
369 429
489 760
112 544
217 597
253 254
819 931
425 775
763 999
735 937
399 722
113 890
316 724
319 958
589 590
547 593
134 949
459 480
35 152
702 881
205 600
31 676
821 832
375 486
320 321
232 437
429 493
167 722
681 714
385 386
18 858
205 950
688 838
316 966
932 969
484 550
489 894
341 730
281 450
437 438
79 730
220 440
533 671
175 963
13 147
445 558
529 966
403 561
311 743
452 453
264 631
773 774
42 326
126 697
709 789
506 689
552 805
44 106
904 964
463 733
535 838
821 966
788 789
251 850
53 340
39 405
154 917
718 959
556 897
401 794
456 693
96 158
395 979
183 571
150 394
389 676
62 281
650 680
339 818
204 859
326 327
732 978
224 279
19 813
280 854
421 564
22 64
151 474
87 984
183 921
118 297
219 349
40 872
57 58
62 402
339 939
636 637
405 741
166 230
83 690
80 944
418 451
165 759
132 582
247 569
972 973
246 869
590 642
768 914
226 631
174 175
45 61
393 744
219 362
57 300
241 875
370 760
115 241
189 190
510 511
551 808
31 247
270 529
321 760
352 827
32 657
742 753
711 945
525 526
53 945
120 706
20 539
529 645
87 300
331 889
735 750
418 814
96 763
237 473
55 496
244 368
884 994
309 763
249 483
63 64
273 840
414 816
161 370
501 704
97 614
638 709
149 481
233 889
42 126
319 663
585 819
373 374
870 951
422 532
446 889
205 534
86 317
91 661
182 550
844 935
130 131
677 758
709 710
179 481
126 389
547 648
464 650
610 704
105 717
573 785
320 376
504 951
724 725
286 728
415 613
313 602
277 908
571 897
48 856
247 248
309 897
142 491
496 723
18 684
441 787
81 215
67 317
12 381
144 500
209 895
214 744
262 263
253 672
841 842
165 330
404 841
68 397
348 451
77 860
278 621
204 443
157 331
74 562
406 806
404 962
813 901
133 913
237 970
526 844
908 909
416 972
419 452
154 972
350 618
410 632
308 621
110 111
781 841
473 688
662 853
123 575
269 400
260 809
521 621
359 559
378 572
446 447
231 293
360 932
5 704
108 159
22 119
187 452
25 390
461 462
378 922
378 693
355 975
224 226
745 864
418 506
504 509
91 111
528 866
868 971
305 336
164 360
683 925
623 645
53 758
34 516
320 873
139 532
20 352
264 941
424 930
578 579
179 870
146 693
646 979
159 632
679 927
764 971
7 763
79 114
361 995
317 925
914 915
485 509
294 712
27 597
13 699
555 753
374 412
269 884
379 527
645 646
824 877
120 532
400 815
235 253
400 586
224 589
243 602
456 895
743 925
89 135
476 581
435 543
61 73
981 982
425 764
244 423
409 756
189 258
474 885
183 184
116 948
696 705
80 436
164 844
269 897
198 199
189 379
125 889
161 546
469 662
68 89
157 841
826 936
246 361
633 770
72 208
242 885
624 950
550 772
589 700
407 723
365 726
268 793
386 785
315 316
298 672
243 736
559 713
545 549
390 611
137 202
651 652
152 968
587 667
721 896
320 552
301 310
666 960
158 490
94 734
149 441
190 442
11 965
42 315
116 493
589 713
382 383
404 667
610 772
44 95
178 324
128 732
651 773
384 429
72 571
314 858
718 719
176 436
387 848
510 955
749 971
191 680
306 630
177 745
20 273
144 568
180 262
144 339
765 915
402 863
737 853
107 686
406 982
382 396
662 679
500 617
343 670
324 391
785 786
482 977
296 558
370 507
193 874
535 611
581 727
182 981
297 968
397 906
218 638
180 383
64 171
69 286
850 851
253 632
354 684
329 856
52 53
403 805
174 982
213 681
70 632
586 926
503 928
83 342
528 692
22 66
385 872
13 512
388 389
82 871
159 566
431 759
546 746
917 918
43 125
442 625
86 761
507 754
787 808
336 872
919 964
119 120
45 171
437 695
210 238
528 813
674 867
720 754
706 856
233 407
678 757
474 698
455 456
713 980
6 364
152 418
892 982
215 703
146 869
60 829
454 756
421 579
627 913
541 644
324 646
2 595
136 824
186 187
315 826
156 244
268 485
419 654
331 770
22 200
522 523
167 295
84 526
222 490
409 582
359 990
54 354
587 588
102 839
432 714
509 934
397 464
421 821
789 988
0 10
263 878
538 588
648 948
689 986
923 924
251 531
182 660
125 126
70 190
622 703
654 655
184 706
703 776
376 418
298 727
633 717
719 720
335 794
990 991
203 611
175 778
698 819
192 193
617 894
216 550
390 437
133 781
17 835
94 789
944 996
457 612
295 550
52 792
379 958
382 438
203 732
786 787
367 840
95 381
694 969
163 781
58 499
259 260
116 440
214 975
503 620
797 838
148 392
332 738
220 268
65 394
739 833
598 857
178 271
324 325
721 964
540 623
139 279
853 854
242 966
402 918
644 680
186 805
55 56
841 965
473 569
660 661
149 859
391 392
970 971
242 269
519 806
482 924
120 279
686 919
567 739
727 728
116 803
45 105
671 796
877 901
579 978
598 991
651 854
255 854
172 590
273 642
438 975
312 341
391 634
523 524
472 744
90 642
236 467
444 645
222 303
667 919
89 942
815 817
787 984
859 860
616 873
25 634
211 824
61 62
486 763
384 981
425 524
516 871
590 591
307 468
768 863
148 889
55 661
55 432
397 398
385 832
44 539
145 591
241 824
411 710
184 290
461 827
717 753
823 920
171 994
240 599
128 129
4 588
9 703
14 781
707 708
182 594
206 951
388 699
627 981
701 930
80 317
208 997
98 371
464 465
20 717
6 782
138 709
661 713
17 648
36 661
160 956
223 258
286 543
208 889
483 828
376 702
138 830
260 261
614 759
108 658
118 851
589 702
33 255
179 309
79 371
598 670
188 772
596 597
73 556
881 995
702 764
416 895
913 947
508 898
145 846
327 328
225 546
612 726
268 916
95 436
255 425
702 885
609 657
119 564
134 135
707 963
265 618
27 975
168 914
448 968
663 664
448 739
126 688
709 780
272 779
491 557
441 965
463 724
389 546
683 727
67 495
633 906
139 334
3 739
369 567
140 744
201 202
445 791
216 968
612 968
780 781
469 919
64 870
494 683
62 272
457 801
162 624
107 688
795 796
426 670
192 503
343 901
131 227
31 814
576 614
760 960
198 927
55 353
602 788
137 688
173 345
333 334
384 794
475 683
43 235
287 861
669 697
493 966
139 468
295 981
470 982
64 65
335 528
187 401
393 506
431 761
288 978
11 175
403 928
315 815
590 754
227 702
249 461
323 410
414 794
309 512
400 401
74 874
979 980
201 686
316 407
104 753
357 933
453 641
236 643
134 632
309 404
455 687
147 305
119 243
368 984
397 453
674 990
187 643
517 518
701 864
319 533
179 230
67 992
562 934
782 937
532 533
509 815
256 369
27 546
641 934
104 995
252 893
319 654
618 987
122 783
227 836
507 890
226 877
474 713
45 307
86 308
430 872
265 310
132 949
70 71
605 644
116 187
33 418
527 724
351 993
425 942
571 767
39 906
469 719
648 721
55 850
339 380
60 965
531 816
44 957
613 885
203 721
239 378
280 416
13 72
818 994
137 138
59 713
114 383
716 717
91 665
210 616
209 657
245 314
264 327
608 891
682 840
9 74
346 891
566 894
137 488
560 591
357 491
436 555
661 902
702 711
91 786
941 956
254 255
8 788
102 386
98 681
934 953
192 316
202 738
257 445
269 270
697 717
614 948
86 563
429 673
809 894
382 561
69 101
184 842
294 448
332 740
321 322
151 399
307 912
279 850
136 276
475 496
67 442
540 625
361 394
295 794
11 217
217 322
716 972
394 921
48 284
507 569
171 620
372 381
69 343
373 983
505 910
156 756
453 454
155 797
2 289
241 571
227 407
166 397
171 741
23 348
28 692
267 974
284 389
905 965
454 800
500 916
789 790
574 865
68 993
618 908
12 869
194 580
194 351
713 916
479 749
176 977
451 687
456 994
363 803
831 908
91 115
60 536
75 107
118 706
271 985
660 797
627 849
151 654
458 811
76 480
57 238
184 279
370 698
29 405
141 875
172 713
414 741
856 857
78 526
578 583
643 978
58 59
8 467
113 749
32 824
921 922
66 179
40 944
57 359
136 652
213 872
216 352
161 416
419 940
708 814
18 367
363 816
330 639
168 311
462 529
355 403
527 658
423 537
496 527
128 131
988 989
334 465
298 542
105 413
270 709
638 876
490 712
190 191
135 255
195 306
654 820
24 424
370 832
337 655
120 886
717 876
326 991
78 660
614 640
289 843
526 527
233 948
126 556
76 964
167 365
217 711
640 777
183 309
257 258
78 781
909 938
386 897
430 940
111 140
190 433
589 704
253 260
593 594
197 328
123 150
100 661
64 738
518 945
399 728
550 897
658 659
179 661
420 787
332 903
827 882
376 946
82 499
92 958
257 500
152 972
150 374
661 849
301 543
788 890
34 199
994 995
209 954
589 946
85 918
162 384
368 718
602 656
725 726
210 805
383 962
204 502
102 454
456 457
19 456
445 793
206 282
827 895
293 924
931 952
315 683
263 264
53 454
801 842
567 675
512 739
792 793
243 285
286 921
621 911
627 662
546 737
11 164
348 981
174 865
857 858
163 972
584 965
644 750
542 739
487 803
330 331
77 114
108 218
693 908
390 870
646 796
296 683
664 850
769 903
287 863
359 739
395 396
54 103
45 283
248 642
924 925
132 696
178 583
486 699
214 240
126 127
112 229
731 732
43 129
273 820
89 999
460 683
31 240
690 879
22 420
127 473
75 283
99 640
462 463
407 527
173 360
250 809
282 532
312 640
391 704
193 194
12 119
55 718
798 799
803 877
440 825
266 938
668 689
164 661
0 1
604 933
263 640
645 705
557 592
390 415
529 530
515 595
513 522
0 940
339 369
858 934
490 538
302 716
206 779
622 694
352 833
238 997
33 299
594 595
444 836
34 938
717 931
870 944
123 192
68 256
656 692
288 296
147 320
67 68
435 952
550 710
930 931
520 767
250 943
580 818
74 192
547 641
444 957
220 246
700 883
277 551
313 474
132 133
400 887
661 662
480 587
55 852
564 995
779 883
80 387
186 783
468 469
406 786
626 826
65 493
192 305
1 737
51 100
106 790
997 998
183 485
936 988
485 823
199 200
383 546
56 151
52 675
14 154
93 447
165 552
332 729
10 678
645 960
500 542
1 629
174 786
21 315
716 840
427 737
535 536
320 611
688 778
774 781
292 549
89 449
512 552
116 552
718 886
584 657
33 554
266 267
87 790
546 550
188 842
16 92
2 157
246 783
254 378
22 809
166 265
331 332
355 726
55 168
602 603
146 323
827 950
607 681
192 439
266 388
67 673
232 740
125 614
545 971
667 668
493 552
93 810
196 265
473 802
390 804
290 866
99 103
178 625
40 920
398 399
131 284
329 565
375 910
134 555
29 273
232 632
102 751
205 206
415 982
778 805
93 702
616 743
533 974
734 735
426 619
324 571
95 748
752 789
482 928
315 751
769 958
320 866
48 407
180 563
741 859
20 345
185 641
56 527
14 759
41 633
60 646
225 979
272 273
764 964
549 810
180 455
359 686
89 825
212 636
644 818
124 294
41 525
3 4
285 885
527 647
866 867
305 571
30 366
150 697
62 813
86 941
268 652
722 859
68 69
9 923
413 518
426 982
32 826
407 703
168 192
238 931
665 998
341 349
145 474
379 641
150 818
604 988
250 756
404 405
309 811
562 991
175 582
502 711
326 751
6 544
551 869
933 934
12 295
298 423
427 537
105 523
25 759
104 823
135 136
486 888
530 931
92 705
242 878
471 472
369 424
701 934
33 246
244 429
240 953
648 778
59 649
274 308
100 421
284 767
770 889
314 609
121 480
9 10
396 419
76 966
833 945
263 829
571 945
221 832
109 362
501 886
174 491
143 912
108 891
237 547
710 996
930 999
302 676
603 604
429 717
264 384
0 311
511 786
404 660
464 711
101 622
651 766
381 676
535 591
559 948
320 437
655 656
545 784
490 848
204 491
135 620
214 913
167 838
281 445
57 966
179 663
151 335
271 666
670 671
16 147
334 951
485 891
311 738
132 443
519 623
381 918
802 948
664 718
241 615
208 209
667 723
787 788
171 556
479 672
171 327
509 551
132 564
266 564
660 720
49 566
291 328
236 392
403 569
208 330
359 728
218 523
773 782
74 515
561 862
748 954
643 672
242 328
101 877
250 677
348 983
585 667
752 844
389 792
26 703
58 921
617 619
1 121
340 341
438 913
4 392
465 521
597 906
456 701
239 703
868 911
417 975
16 631
527 581
392 393
260 762
631 675
595 752
15 177
111 639
212 462
592 683
845 863
118 534
407 408
197 827
214 242
134 744
309 516
427 471
279 344
597 919
251 511
519 999
123 999
145 758
214 363
305 518
169 886
838 981
442 752
423 473
323 535
158 993
524 525
10 75
106 537
669 943
212 704
102 832
243 542
196 696
209 406
761 882
16 765
167 409
387 412
860 861
483 645
446 992
50 763
399 651
330 817
605 756
457 592
440 948
32 894
591 592
190 248
176 350
594 597
360 430
425 825
244 484
175 650
340 946
510 640
721 823
927 928
144 253
302 839
770 944
25 827
159 827
608 653
181 320
129 130
506 605
5 323
165 312
63 301
276 823
54 481
53 256
144 145
186 785
681 764
730 885
367 833
403 490
196 951
127 851
66 841
19 500
456 501
79 551
580 833
142 836
519 557
183 379
790 791
609 716
36 854
342 372
719 847
586 732
503 963
556 826
597 598
327 737
363 431
552 855
63 435
233 321
790 912
31 860
180 431
328 329
727 829
259 495
94 916
195 968
266 390
664 665
521 616
130 731
460 606
149 744
23 339
391 506
644 686
105 149
179 852
19 634
165 688
579 971
351 555
389 847
442 673
296 390
493 675
498 982
298 399
616 974
220 745
242 504
170 924
674 686
338 737
85 291
219 520
57 229
217 218
664 907
117 280
428 630
796 797
414 503
78 517
23 581
243 355
91 227
196 280
225 981
8 229
495 576
343 973
527 528
81 707
43 415
53 874
722 969
667 804
438 981
231 880
334 335
377 705
91 348
8 579
223 238
863 864
622 738
641 751
95 992
475 984
65 66
414 974
120 527
235 477
928 929
289 713
46 992
32 828
467 985
429 464
866 990
250 758
401 402
544 939
425 759
599 646
464 687
15 366
330 872
91 361
297 466
333 877
770 878
995 996
673 945
38 471
893 985
103 600
376 695
290 426
197 198
188 644
21 238
418 877
8 713
729 998
283 652
691 706
11 718
533 534
249 775
1 673
362 652
675 883
366 542
383 711
710 877
536 953
75 595
603 714
536 724
264 265
916 945
140 724
85 788
869 870
786 835
71 72
68 326
821 829
600 601
302 907
489 999
286 899
360 848
126 681
368 709
579 663
665 666
661 961
936 937
320 668
265 732
595 607
345 432
138 139
38 955
654 958
290 910
651 889
890 942
95 442
57 150
320 789
490 971
125 321
364 566
176 781
732 733
157 502
369 681
181 859
382 620
5 404
352 448
324 386
269 450
642 961
342 440
287 504
433 558
713 841
658 905
446 497
9 496
415 918
52 866
38 968
270 271
5 754
616 679
79 740
354 679
187 502
373 692
99 389
799 800
329 622
2 227
475 676
287 854
199 512
801 846
1 2
606 607
79 861
165 864
643 903
118 523
764 900
411 516
53 808
337 338
263 389
414 787
180 620
638 680
165 756
402 403
333 569
835 965
85 467
706 851
40 990
291 343
24 228
337 459
115 346
194 639
488 857
452 934
166 577
738 739
294 991
160 762
251 392
283 344
151 713
522 626
123 880
623 937
356 593
469 470
147 419
59 572
171 813
532 755
465 765
157 649
124 701
762 988
462 467
104 759
379 698
117 698
805 806
73 362
694 709
933 991
7 8
46 939
192 993
467 932
536 537
48 948
170 416
818 866
510 750
343 344
18 547
163 642
325 475
872 873
589 750
663 699
42 123
439 991
33 303
814 868
286 483
525 994
74 75
189 550
610 809
937 938
147 553
128 311
601 760
152 668
95 134
545 828
586 600
173 956
162 309
112 717
84 655
255 473
367 714
587 946
293 728
475 476
241 309
802 871
169 433
172 438
17 601
545 720
709 828
693 820
767 769
206 207
772 884
593 653
804 836
114 618
26 505
480 712
292 661
259 484
102 500
355 717
508 959
0 489
542 543
547 887
426 597
192 430
51 454
598 852
40 561
117 256
7 384
380 895
273 274
195 849
792 839
603 674
317 546
43 980
640 970
841 960
170 792
206 449
899 901
579 731
515 975
29 264
609 610
788 841
521 726
89 574
135 919
9 551
616 734
330 377
674 675
230 964
385 572
500 559
142 851
505 903
361 629
306 693
746 965
83 621
773 839
726 727
64 113
643 729
187 449
71 503
477 696
203 393
466 803
741 742
92 562
377 465
113 392
121 216
54 980
458 804
310 640
29 398
103 347
142 275
180 567
83 634
279 280
181 940
845 920
377 586
31 178
358 573
210 409
104 693
66 172
319 352
692 863
38 339
370 812
10 11
54 283
364 997
78 640
4 462
212 640
699 987
210 530
110 592
485 506
11 586
121 229
35 943
255 983
346 347
571 694
34 755
172 948
925 926
166 874
376 455
86 127
17 293
198 304
282 941
48 774
538 638
20 712
101 371
6 777
543 753
463 464
578 939
705 751
756 982
80 433
668 869
575 641
126 549
511 885
478 708
411 718
478 479
170 363
161 772
244 312
340 774
240 836
596 700
496 533
928 944
40 253
339 549
306 372
814 815
700 713
376 818
137 307
133 831
16 17
413 885
89 495
256 672
195 662
179 425
670 891
482 840
677 823
121 834
286 901
83 84
253 724
662 663
464 944
615 847
998 999
660 711
472 660
200 201
197 455
477 509
545 909
359 490
226 375
484 899
69 391
561 853
215 216
445 678
739 896
357 794
706 719
904 963
563 670
310 453
7 681
466 966
3 976
254 329
551 552
470 856
299 745
219 456
219 227
755 961
861 862
713 735
446 620
264 643
657 803
228 397
82 868
258 276
466 979
455 561
231 587
399 400
757 862
454 861
61 112
300 394
379 687
546 864
186 292
7 815
84 281
502 757
161 464
543 566
166 579
446 862
735 736
509 918
325 343
294 764
352 934
247 689
608 631
126 362
442 864
750 751
323 418
276 343
56 828
152 536
105 461
50 525
432 590
397 569
127 479
291 587
184 461
511 590
340 708
534 988
400 759
288 289
133 644
317 990
568 572
867 868
237 472
397 461
89 308
383 526
677 744
25 818
126 375
112 477
626 927
566 647
216 534
598 599
92 764
109 179
515 601
163 415
302 722
715 891
934 935
390 542
136 137
485 816
75 423
131 961
129 134
19 262
24 606
693 701
151 152
106 904
472 473
133 778
204 429
682 956
487 488
338 365
255 596
293 851
12 609
573 905
72 394
180 193
567 602
181 566
454 661
46 607
113 139
25 26
546 664
604 605
475 720
81 335
359 545
705 953
166 379
295 789
190 507
553 559
69 446
368 779
896 898
478 910
335 336
285 744
44 389
385 453
940 941
646 723
197 631
425 495
494 854
153 561
87 207
111 564
185 284
138 438
190 628
465 567
671 672
148 631
127 279
373 749
822 841
112 156
582 859
444 629
788 964
20 567
152 457
584 905
358 562
836 860
299 921
209 210
302 401
173 516
412 798
109 797
200 390
169 811
255 851
98 113
609 854
502 691
212 400
224 225
344 519
803 804
674 919
421 510
140 231
673 694
7 641
576 798
342 631
502 583
276 277
331 701
465 930
191 398
430 680
495 809
341 342
870 871
235 360
479 986
116 934
565 989
174 350
339 417
91 352
72 73
677 678
94 357
830 920
701 806
85 537
219 537
38 462
84 578
408 409
377 830
325 640
812 987
22 602
863 989
85 658
164 951
425 992
24 419
199 945
235 602
73 540
358 938
559 699
160 953
8 596
393 932
723 807
379 997
28 245
346 820
525 822
29 884
5 261
123 253
16 127
260 487
270 946
26 91
540 541
779 823
168 669
407 951
327 433
115 779
13 14
197 323
422 707
876 877
64 733
361 431
466 484
78 79
575 885
346 833
676 708
148 323
65 554
607 608
698 992
390 610
890 933
210 908
499 782
163 833
414 415
53 207
256 795
605 949
121 836
80 798
355 774
102 557
470 724
943 944
55 216
566 957
46 433
113 194
230 779
216 844
159 310
145 146
441 962
348 734
697 888
843 942
447 713
347 775
158 610
774 842
345 436
97 105
36 95
338 662
2 218
788 898
29 92
669 681
488 606
586 912
166 326
92 148
589 954
448 978
212 213
570 675
247 665
660 834
142 908
706 721
277 278
177 865
162 971
644 745
437 681
253 860
17 95
449 506
41 452
66 216
706 842
613 614
436 981
651 906
40 981
40 752
370 627
337 450
87 275
565 802
284 560
344 345
743 845
154 450
665 925
200 337
384 912
90 465
186 402
117 568
856 907
405 971
400 627
861 985
680 681
224 401
160 874
270 517
657 926
165 989
569 584
211 876
849 867
838 974
217 398
98 181
423 466
452 938
548 875
381 469
787 928
40 176
102 825
473 997
333 694
11 643
434 746
346 633
35 771
866 928
313 456
43 595
26 951
717 805
722 920
386 705
601 630
408 464
647 746
559 633
812 813
619 647
388 751
195 356
453 880
21 994
14 15
351 869
370 882
492 579
464 517
666 880
402 541
350 351
214 719
52 657
117 823
184 584
800 816
879 880
538 816
249 713
197 257
81 82
77 606
416 826
421 941
944 982
80 382
14 28
855 873
552 606
101 670
524 773
510 875
491 596
417 418
515 724
895 945
191 829
996 997
655 704
306 550
182 780
347 359
550 947
626 942
189 904
403 604
389 477
375 542
7 146
614 824
210 734
504 952
26 388
438 598
572 827
649 781
14 270
165 668
222 973
794 876
211 555
21 660
549 550
177 678
218 679
545 845
387 902
198 737
492 955
514 714
189 917
885 886
169 450
87 88
223 915
336 792
503 969
83 383
883 961
487 961
616 617
41 386
145 443
475 843
595 679
438 961
199 450
551 838
138 440
97 402
64 225
592 610
597 725
426 843
192 676
519 805
154 155
85 284
384 617
733 734
62 566
31 987
628 977
428 623
70 915
414 496
405 905
245 687
152 459
713 792
162 918
551 730
19 869
487 974
528 746
25 391
799 980
269 751
208 512
194 348
548 580
699 978
625 800
229 800
220 980
588 918
99 690
145 577
398 757
200 284
286 287
219 526
184 276
141 872
49 51
216 228
694 755
611 986
158 223
416 518
75 225
622 623
61 290
520 575
604 983
444 765
194 590
312 582
353 354
817 983
932 933
233 932
48 886
953 992
254 991
689 690
35 129
611 999
449 937
228 709
517 583
641 878
99 824
508 763
902 919
392 588
617 935
166 999
694 889
157 950
353 825
513 585
399 712
275 942
316 943
39 140
75 588
806 807
335 956
495 945
503 769
830 935
489 871
654 938
673 951
800 992
846 879
63 241
469 663
307 830
73 663
133 714
207 663
513 935
78 778
821 822
573 720
232 427
139 199
719 774
283 887
350 419
23 24
281 548
30 966
57 840
313 537
285 438
290 553
496 887
183 427
802 930
353 838
254 307
366 548
359 360
503 782
434 948
19 669
179 658
343 537
90 91
40 499
669 670
704 893
341 841
52 738
63 604
101 859
426 427
30 161
862 957
447 715
120 320
237 905
273 562
452 564
264 742
429 846
644 734
308 785
211 852
206 508
324 500
764 772
351 374
76 169
222 223
347 898
543 544
70 849
328 390
106 277
308 677
523 565
201 551
146 615
46 677
321 616
541 619
725 965
202 924
558 559
563 903
384 672
81 634
194 282
226 729
358 390
550 560
495 624
316 393
140 167
637 973
755 965
562 570
713 968
135 991
565 804
405 852
133 164
224 511
50 395
690 984
468 908
335 527
228 401
632 750
544 866
406 407
838 855
39 879
120 575
345 693
23 642
207 234
449 750
321 979
163 164
63 980
71 804
742 743
257 994
145 524
24 234
37 927
21 165
155 165
279 460
377 995
872 974
471 630
757 758
435 707
151 948
233 758
393 747
16 989
140 530
186 646
280 281
277 535
207 705
501 923
680 925
821 864
7 122
55 836
564 979
223 420
295 296
140 422
62 997
131 602
874 875
24 476
698 915
115 594
138 992
656 689
331 892
73 368
702 805
119 484
26 256
143 841
224 766
213 348
559 756
347 348
314 430
11 658
828 880
214 492
52 659
308 356
538 818
656 810
721 939
31 721
394 544
941 942
306 431
297 877
691 767
143 144
487 708
602 695
46 248
244 492
301 474
36 957
232 603
479 480
140 785
151 385
519 552
338 477
252 437
30 95
95 490
477 555
12 721
86 670
494 495
134 189
447 649
792 832
556 821
179 834
17 18
385 673
546 547
95 611
81 447
853 963
498 735
556 942
575 955
611 612
98 801
10 688
51 689
560 832
439 542
291 378
62 555
329 670
24 34
84 85
227 622
947 948
498 856
503 971
556 834
74 794
198 860
316 327
16 331
678 679
769 834
204 796
231 633
163 206
27 574
431 923
646 848
30 350
351 671
461 802
216 217
54 155
190 753
745 746
96 337
32 810
107 166
57 345
41 751
8 574
514 971
321 805
407 808
283 284
249 636
139 764
37 753
548 703
47 946
105 399
132 990
402 585
426 979
286 410
198 297
428 988
791 811
684 685
400 926
340 646
675 865
119 418
191 523
55 891
215 880
710 859
415 416
122 837
356 775
147 601
171 995
854 988
427 655
418 872
724 878
397 520
751 752
135 254
121 356
322 346
29 996
65 424
356 896
271 300
59 646
279 878
694 891
224 942
279 649
482 483
251 816
306 486
75 590
85 783
131 899
248 252
547 814
38 708
406 609
818 819
656 757
86 604
380 822
306 607
471 940
210 670
20 21
825 943
591 776
350 650
883 884
88 421
360 843
709 997
742 945
198 781
165 604
277 845
179 539
253 717
459 593
115 783
137 542
147 735
260 383
779 948
22 740
80 910
584 709
897 940
28 491
52 848
167 835
421 422
660 704
950 951
427 910
29 83
342 543
166 317
152 153
346 958
533 784
95 787
472 545
343 660
425 433
81 623
669 793
488 489
144 679
231 567
157 389
181 746
588 841
11 271
150 615
219 220
618 720
12 910
222 454
153 620
213 671
722 777
328 621
253 972
10 985
113 440
63 848
555 556
82 861
49 684
472 787
577 803
217 497
315 803
309 500
1 118
620 621
152 287
127 459
896 970
467 564
398 693
7 808
2 464
494 926
84 274
411 632
956 957
249 341
433 916
4 510
83 803
246 272
158 159
564 618
209 390
835 852
687 688
203 346
180 857
617 858
395 516
161 349
229 978
124 696
67 162
124 467
60 940
104 754
412 870
599 696
585 798
79 172
497 685
225 226
717 917
20 760
92 865
142 228
501 804
242 809
89 301
28 62
134 983
21 288
881 917
380 635
688 751
246 406
523 943
127 943
292 293
127 714
75 295
742 987
219 946
33 298
357 358
4 994
804 818
694 946
301 463
886 887
531 696
751 928
272 930
93 204
693 694
423 833
505 643
156 489
579 592
290 718
241 304
153 191
163 650
116 538
424 425
281 605
816 949
28 196
855 877
514 584
230 825
109 535
238 420
315 374
172 554
760 761
70 543
608 892
262 484
616 716
456 498
566 895
514 705
304 895
113 132
82 553
469 962
73 962
390 669
91 787
48 151
366 726
149 728
713 770
157 323
410 503
47 451
38 897
514 826
607 788
426 713
598 968
118 331
665 729
305 423
408 844
664 770
535 656
29 30
208 261
292 898
311 911
493 888
273 619
254 377
259 492
460 482
892 893
415 968
385 796
94 95
51 691
393 428
238 554
623 624
278 855
111 449
185 398
171 500
430 431
468 723
388 434
159 382
706 780
959 960
38 92
24 157
347 847
144 747
433 621
161 162
188 265
468 844
454 909
762 796
182 221
641 735
151 642
63 795
544 802
673 687
664 904
497 498
273 753
171 971
680 848
432 517
130 152
247 737
435 522
89 114
118 586
195 281
544 694
263 681
731 786
576 912
166 748
18 355
293 294
501 509
437 982
148 879
110 358
8 576
77 181
951 974
137 986
412 925
577 992
953 983
208 866
645 867
125 868
433 984
629 630
694 759
86 351
289 939
437 874
140 587
522 689
319 589
539 858
2 882
360 361
351 807
681 682
244 415
156 302
455 635
348 472
854 869
413 867
702 741
284 753
316 705
751 862
696 697
849 939
107 302
814 918
296 992
337 993
406 598
304 587
390 590
381 770
515 770
928 939
95 184
688 698
154 764
302 662
135 485
9 117
88 410
594 770
14 195
234 235
813 814
106 723
6 785
90 190
207 775
188 533
320 423
108 998
292 590
22 729
396 418
828 829
55 88
392 942
65 547
156 436
30 31
408 886
315 429
86 606
26 326
545 891
880 881
135 727
37 192
584 590
23 28
556 757
52 729
88 423
382 604
258 834
236 257
26 447
719 899
177 616
792 889
28 493
97 98
630 827
418 419
24 788
198 675
101 742
357 668
76 160
117 198
134 367
106 268
433 434
135 740
685 884
809 950
143 335
5 630
90 445
71 203
16 267
752 830
250 434
375 843
103 384
760 950
0 673
550 551
321 728
63 958
560 781
343 783
384 784
329 848
852 889
563 786
425 556
169 630
618 722
227 800
576 725
366 915
667 843
87 268
125 560
553 741
565 566
644 859
102 576
157 512
0 794
432 451
583 849
387 974
509 671
165 861
63 850
217 499
76 523
824 911
843 961
617 618
254 566
391 800
102 697
284 674
229 738
382 980
60 929
192 856
558 913
19 110
7 810
122 760
370 633
48 582
155 156
143 590
55 706
905 913
275 746
316 747
256 467
27 644
481 585
252 762
164 878
467 687
374 459
654 742
318 564
258 284
323 642
170 171
273 821
216 287
749 750
382 993
158 282
256 588
605 742
383 400
492 572
309 865
620 986
251 631
289 886
504 811
58 465
383 521
44 826
214 712
641 816
11 649
355 459
816 817
200 585
365 881
580 806
907 935
488 988
23 888
124 711
53 242
127 716
682 938
30 783
654 876
673 889
184 698
354 355
832 882
183 473
4 996
422 755
400 996
399 771
34 121
56 368
723 868
382 538
148 371
24 601
772 989
13 183
698 811
629 940
563 586
119 838
119 609
12 483
688 766
600 882
213 244
204 424
732 772
737 887
456 608
640 954
184 711
290 841
412 538
486 487
665 718
338 360
205 999
301 478
619 787
83 484
429 892
140 789
9 306
635 997
36 143
676 769
96 194
822 823
868 939
151 389
403 610
26 623
141 610
801 885
433 489
204 666
92 196
176 833
553 554
248 672
665 731
257 677
16 322
889 890
278 965
56 623
190 852
9 548
275 667
91 92
132 389
954 955
329 903
549 906
345 618
947 952
364 631
14 747
555 842
252 804
720 909
370 796
669 863
345 739
147 229
367 498
592 616
294 693
476 670
223 224
76 699
2 521
623 868
221 565
680 850
9 682
224 570
174 224
205 328
485 611
559 560
124 403
798 842
662 981
300 565
252 817
434 565
508 514
346 452
497 621
282 696
290 291
147 471
21 103
336 932
143 766
740 756
17 398
485 503
182 465
51 948
481 761
71 634
626 627
392 460
120 755
851 974
271 399
502 820
423 527
69 709
399 584
691 692
75 460
333 984
314 476
164 946
145 704
654 810
198 301
411 823
125 991
648 995
362 638
92 814
95 294
207 535
45 473
298 653
793 861
177 592
77 654
130 517
154 874
116 353
715 941
80 659
830 928
25 760
52 597
32 130
758 759
235 718
510 694
307 823
372 989
554 700
592 992
8 712
278 536
498 539
308 415
43 898
626 990
621 646
170 710
142 648
730 818
296 297
375 590
825 826
410 547
360 955
60 205
27 28
276 998
188 656
279 774
105 887
719 780
311 726
232 433
452 665
6 90
825 947
171 423
363 364
385 611
202 904
799 894
71 192
609 770
428 429
345 431
498 673
484 775
957 958
275 372
151 565
247 310
25 197
546 835
18 975
577 673
95 670
764 765
117 200
494 675
287 611
215 442
327 683
242 316
495 496
142 903
85 332
329 729
174 855
535 834
86 742
292 847
801 953
89 747
345 673
438 901
229 498
831 832
308 791
210 219
676 958
597 665
146 729
373 920
151 807
13 614
472 899
121 147
33 34
342 789
213 675
428 563
194 396
562 563
124 566
233 738
835 843
439 614
370 743
783 912
898 899
824 913
172 987
601 612
100 101
726 792
471 502
416 566
963 964
555 910
316 399
333 568
324 977
613 851
57 633
370 864
464 499
548 870
400 743
474 692
694 695
826 851
237 456
22 302
383 510
440 815
388 625
352 931
608 628
57 754
112 461
678 872
392 515
189 415
925 978
240 646
367 687
446 980
212 813
298 816
587 690
114 241
232 233
416 808
399 410
536 644
228 528
173 592
272 800
112 582
225 459
10 305
139 944
271 346
216 410
257 411
735 975
513 862
95 120
568 569
647 862
531 916
113 928
94 649
591 701
508 932
781 798
225 351
299 300
20 885
689 980
823 980
9 992
2 13
348 421
532 996
427 714
476 872
364 365
589 749
140 657
102 136
635 636
703 999
183 475
633 940
520 770
888 937
547 873
349 363
552 951
431 432
752 753
711 715
334 765
642 881
100 827
45 891
153 424
399 894
194 196
108 947
23 85
157 314
693 819
767 768
533 601
230 829
238 653
85 145
274 606
80 969
264 561
662 836
46 604
421 481
753 954
305 306
30 101
769 935
535 768
671 777
36 37
373 854
495 551
445 959
899 900
40 910
563 951
310 505
117 376
12 848
318 366
101 102
460 486
336 908
372 373
410 628
124 500
795 964
910 951
951 952
533 964
127 276
25 494
665 854
577 970
30 343
711 970
544 564
103 333
502 567
149 974
54 148
240 338
61 861
966 967
196 497
523 626
416 500
495 793
146 676
569 742
168 169
82 920
123 921
489 490
135 931
231 639
878 975
437 973
248 808
143 526
831 900
504 505
330 618
454 913
643 849
99 685
136 752
29 626
562 860
667 913
101 236
345 862
840 841
699 865
366 396
490 691
154 513
233 806
42 43
11 693
238 921
425 747
461 929
189 470
56 880
212 868
647 796
96 693
149 290
536 699
200 750
453 930
714 971
425 868
48 881
332 411
529 925
123 237
656 737
109 110
67 342
688 689
311 702
738 806
724 871
306 358
75 462
140 591
453 822
525 927
654 812
717 868
156 535
276 637
703 704
615 820
601 922
152 830
124 997
7 183
432 884
260 363
66 763
57 943
46 296
120 999
13 119
95 417
389 635
241 242
246 586
320 535
177 486
283 882
691 707
457 540
603 823
135 489
888 992
239 546
122 964
235 841
763 997
45 946
296 299
246 707
122 146
630 818
321 477
63 707
390 836
887 888
338 417
684 825
598 785
310 318
427 903
688 944
139 207
452 667
479 541
116 489
9 363
487 661
146 597
275 482
406 965
404 892
693 766
794 818
431 500
425 426
475 772
664 708
86 731
15 33
460 649
732 842
162 726
28 497
336 613
124 205
98 970
528 783
113 312
187 261
440 441
140 149
766 840
530 600
92 374
322 836
52 975
470 734
303 557
327 914
776 777
60 570
113 433
725 960
21 844
164 398
57 272
199 621
273 570
312 498
410 804
243 398
578 617
261 681
256 337
150 850
420 445
893 894
161 450
620 735
243 519
537 737
583 853
624 625
440 804
252 753
183 919
384 909
386 689
900 910
960 961
110 525
77 348
385 989
701 966
162 163
379 686
324 750
310 815
332 574
184 447
24 229
65 230
576 971
92 629
694 926
224 748
50 632
91 404
177 178
421 804
673 759
136 820
428 928
15 530
180 863
133 751
496 574
293 474
587 692
513 743
513 514
251 743
325 463
289 769
531 797
416 581
383 404
525 982
360 420
406 536
151 246
221 756
474 936
240 769
183 464
656 684
821 980
260 418
86 302
466 523
630 631
126 603
14 133
308 351
222 836
165 302
791 993
161 826
123 305
128 649
749 996
389 461
353 767
301 348
361 362
347 464
3 654
70 186
402 659
121 646
66 710
216 883
431 542
293 837
274 595
697 698
315 367
177 662
232 369
672 870
130 587
402 780
410 604
181 552
693 929
426 585
137 482
6 965
90 370
153 426
584 878
302 963
704 714
184 944
781 934
271 832
1 971
142 947
276 947
670 837
250 251
141 722
573 904
829 830
70 778
218 676
479 488
811 961
52 909
556 708
5 568
132 609
808 892
519 789
315 501
367 368
372 483
262 611
229 663
528 730
514 832
896 897
220 614
51 805
127 386
541 669
794 886
40 912
241 902
98 99
282 445
829 843
235 333
61 971
465 795
143 515
165 799
509 609
51 926
486 854
434 435
439 779
516 733
521 848
726 728
321 679
173 515
319 340
439 671
365 456
492 497
590 803
516 625
409 499
37 856
101 117
601 669
61 984
174 336
501 502
105 502
270 569
564 787
58 161
5 823
569 865
352 867
374 626
393 676
472 969
80 179
434 677
527 639
566 567
43 297
84 335
423 518
590 695
6 644
634 738
298 752
504 628
545 629
61 287
902 903
617 919
777 908
557 639
104 105
364 998
4 692
143 770
320 403
380 454
633 634
3 467
163 456
200 752
88 282
520 693
170 580
626 631
120 759
54 405
969 970
619 820
3 588
349 996
70 349
724 873
171 172
696 811
38 811
93 481
0 61
29 762
170 472
44 67
174 591
155 349
255 287
114 311
110 835
614 634
53 301
765 766
932 943
443 752
112 881
360 717
635 693
855 925
332 884
566 822
332 655
814 924
59 991
238 239
804 879
730 930
482 599
353 714
807 884
559 819
306 373
89 604
512 707
457 771
605 935
374 773
303 304
468 637
828 943
561 599
700 943
593 817
538 881
266 422
244 663
376 819
832 833
288 706
95 311
12 771
296 301
480 876
339 671
34 301
306 494
572 879
639 640
498 664
97 320
162 486
248 489
179 655
215 312
665 777
739 763
370 371
535 704
769 871
120 196
70 604
92 134
809 943
371 717
178 551
706 707
744 962
422 948
582 900
563 658
117 312
755 828
77 913
139 330
234 833
160 618
748 825
660 941
46 553
16 610
183 787
725 841
141 790
502 503
452 911
199 502
152 161
267 902
327 916
523 562
564 600
838 839
287 965
361 685
307 385
754 845
40 41
64 398
181 983
569 570
282 513
254 680
376 377
240 745
782 799
372 672
143 812
652 955
105 328
905 906
210 344
121 272
747 963
107 108
117 796
351 734
585 901
659 850
244 342
390 396
231 817
532 745
320 337
339 350
77 350
335 874
443 444
756 904
228 519
214 355
200 457
632 868
253 283
29 804
84 511
288 506
307 519
36 470
108 575
27 879
747 976
239 240
170 406
730 743
59 575
928 987
821 861
45 411
143 946
75 519
756 917
233 876
575 576
131 828
420 702
162 178
599 933
136 943
115 591
13 55
137 350
142 694
207 823
78 938
955 982
466 525
306 307
536 998
911 912
677 745
89 309
709 926
781 802
103 887
239 482
113 114
27 74
6 954
642 643
807 939
292 530
168 723
42 355
83 356
33 764
231 254
262 358
514 579
90 251
348 775
329 533
482 775
237 715
180 181
672 872
223 780
22 790
507 539
80 731
336 428
575 710
828 890
869 928
313 710
390 893
266 369
26 616
29 133
774 775
892 996
42 597
171 482
551 703
317 536
470 778
267 715
382 665
196 246
308 487
602 705
244 960
44 377
159 364
183 721
329 775
87 195
350 834
312 313
630 888
437 722
55 391
160 444
271 955
390 906
887 958
30 334
637 783
43 44
254 493
20 326
567 953
264 915
185 393
4 318
644 907
267 957
564 655
676 896
440 619
150 786
379 380
351 547
26 750
958 959
669 856
58 968
15 332
498 974
446 555
674 907
467 614
109 906
585 835
53 974
306 925
424 917
367 383
570 971
726 959
421 848
627 953
300 558
511 512
631 843
216 335
657 980
177 343
108 509
775 972
847 848
492 620
571 913
645 862
469 636
455 738
49 50
694 983
78 522
293 410
36 754
798 848
388 684
295 456
462 633
687 980
613 802
122 942
791 808
87 692
137 284
133 579
620 926
532 813
246 456
592 864
251 800
705 741
397 625
113 866
297 687
72 74
696 921
116 117
107 297
14 69
19 413
695 696
392 924
304 811
390 585
193 714
353 703
22 603
624 937
71 990
14 190
695 817
79 585
184 638
693 744
132 182
519 591
211 246
721 991
485 980
325 762
504 993
397 867
77 660
443 983
56 308
248 249
258 708
390 598
152 955
191 883
91 716
120 185
584 585
347 763
619 956
111 486
591 894
446 476
267 770
0 655
486 548
752 933
637 717
241 717
12 894
442 478
414 645
452 671
97 443
759 828
432 433
671 715
456 561
327 676
530 712
903 957
755 830
37 550
768 769
185 448
322 948
748 827
574 903
123 738
238 725
766 844
117 435
783 784
331 623
704 905
192 959
440 795
206 628
426 897
233 502
835 836
214 223
434 492
632 736
631 777
268 688
122 405
194 510
37 563
78 564
465 973
859 900
900 901
192 851
481 688
379 677
401 436
444 806
483 734
115 338
122 526
617 734
194 631
73 341
413 446
210 575
578 742
215 690
363 854
724 796
531 667
710 898
46 918
27 639
789 962
481 809
252 986
96 510
440 808
57 518
967 968
194 752
20 636
345 921
169 170
155 272
207 462
193 298
358 631
963 970
517 624
32 875
830 855
434 855
351 857
98 411
225 452
461 988
409 798
505 506
689 852
246 511
229 867
278 463
522 860
9 46
728 928
181 301
520 521
640 815
464 626
40 298
26 134
572 573
94 534
603 640
520 871
761 997
943 974
211 530
343 457
804 815
812 935
53 129
658 697
333 937
19 481
514 689
354 471
593 753
385 538
973 974
610 922
44 245
90 132
274 478
880 931
25 942
608 997
704 705
253 769
506 949
753 826
304 771
582 715
172 551
589 876
69 315
184 827
275 420
514 702
242 243
160 204
868 934
233 423
329 656
771 772
227 379
204 890
181 906
50 194
836 837
154 251
310 498
309 310
359 656
667 772
106 210
4 428
78 377
570 839
919 993
377 444
146 548
170 905
660 769
333 374
398 732
31 975
208 379
903 904
89 916
92 433
424 906
4 320
88 957
284 603
523 619
60 629
710 711
316 555
426 952
321 670
85 393
425 727
153 793
58 970
548 568
441 442
69 570
330 611
657 740
206 804
94 334
627 834
701 783
93 109
291 390
153 914
777 778
414 726
290 394
226 904
161 280
680 845
647 668
196 732
798 837
297 555
302 633
489 496
214 291
508 509
207 517
735 902
573 574
844 845
159 971
516 979
46 47
249 635
543 853
436 461
909 910
45 576
812 977
289 707
99 812
462 635
627 968
369 407
580 627
48 995
640 641
244 641
645 985
120 871
323 705
139 884
413 864
447 448
397 856
232 294
421 984
462 985
572 628
663 746
976 977
16 935
258 697
332 646
65 531
483 815
178 179
375 464
110 718
503 878
80 546
46 410
514 515
712 988
175 820
596 813
964 980
389 520
81 367
339 662
581 690
72 318
37 297
245 246
781 980
146 469
445 536
101 726
288 818
310 311
581 582
66 890
317 472
630 703
454 706
734 760
321 362
646 647
238 593
799 889
40 608
122 381
499 893
72 560
875 884
231 553
446 478
377 378
781 993
982 983
338 423
329 832
16 372
771 948
184 185
2 208
370 375
361 784
650 658
713 714
446 599
440 784
333 429
109 950
627 647
324 609
444 445
650 779
686 961
396 899
652 825
50 262
0 670
251 252
349 787
297 368
22 163
338 894
899 961
217 604
296 668
678 733
103 502
829 902
667 840
419 738
23 509
152 394
312 383
685 894
845 846
148 918
523 566
294 743
151 923
94 389
47 48
819 830
318 319
108 445
3 163
383 384
283 446
729 792
257 982
673 860
198 338
351 617
912 913
79 158
203 682
53 923
538 672
103 515
156 341
381 459
147 292
207 343
114 115
36 690
201 794
72 118
435 695
591 683
44 810
608 623
93 177
604 918
268 932
450 451
362 567
436 516
606 964
105 682
784 970
190 231
178 931
305 743
181 182
84 744
165 174
593 621
87 749
37 928
68 241
183 228
23 993
601 741
372 918
152 649
193 421
53 118
448 647
654 981
487 575
332 701
626 919
387 408
373 473
240 883
582 583
293 480
448 768
47 424
275 288
918 919
505 521
491 586
4 993
95 357
353 881
120 121
484 812
396 699
396 470
649 650
79 763
566 881
137 475
100 822
174 771
141 594
67 416
361 597
985 986
295 768
630 758
187 188
266 481
44 368
651 817
133 891
293 843
394 666
172 553
567 594
226 301
47 787
897 994
179 943
473 895
275 422
46 599
197 731
288 886
637 774
53 723
581 879
39 559
806 997
405 653
105 132
676 887
674 777
720 893
123 674
319 320
16 548
250 486
439 651
697 946
771 895
119 969
604 718
7 499
48 271
567 836
607 908
206 564
164 567
351 659
669 968
576 777
433 957
586 970
460 831
331 680
9 666
386 387
157 564
537 785
798 826
214 280
433 849
722 723
364 978
859 957
680 726
878 970
380 434
41 739
44 744
173 629
314 339
169 924
315 978
525 559
115 395
20 801
736 742
161 511
37 741
231 755
845 914
91 452
110 465
583 914
839 840
8 683
108 392
495 801
154 508
214 522
599 858
38 333
0 41
323 694
510 786
92 798
54 277
854 855
215 868
784 796
591 630
56 57
714 966
654 686
103 812
497 739
46 49
906 907
381 756
212 984
349 989
237 519
311 468
278 291
85 879
80 535
9 103
742 920
33 460
816 869
635 794
0 54
249 758
156 530
51 248
123 124
782 992
485 742
476 922
223 476
424 466
47 250
88 288
561 700
511 879
459 460
1 777
739 743
529 933
49 296
703 820
463 579
347 404
619 826
332 769
63 581
32 248
133 825
661 944
683 703
576 577
306 487
806 810
121 936
308 533
74 366
8 12
786 831
431 603
596 936
3 836
163 825
125 533
180 469
124 308
695 834
643 644
519 608
577 778
324 369
45 954
463 713
62 369
208 423
493 821
254 310
479 657
45 136
262 659
243 380
542 713
280 713
285 791
49 780
398 439
269 554
62 490
549 837
549 608
488 598
512 955
801 829
64 270
308 896
31 93
19 793
196 197
775 776
25 315
646 662
219 558
67 955
306 971
567 783
223 973
111 503
47 976
157 619
308 788
104 729
494 914
227 799
535 952
502 509
273 686
842 843
298 450
234 960
65 922
149 327
393 953
85 571
411 512
689 722
188 211
64 633
40 47
143 697
380 381
21 973
291 797
833 851
263 735
423 687
194 635
326 791
128 281
474 689
974 975
578 746
696 738
641 802
401 561
184 563
194 985
290 464
656 787
174 289
141 341
153 166
779 857
624 983
512 513
443 679
696 859
30 998
635 849
88 222
33 286
382 403
814 851
179 340
222 939
492 800
46 225
151 241
104 166
95 346
788 798
848 849
227 236
108 810
163 517
319 993
608 867
336 408
654 983
456 473
700 870
533 693
115 705
1 832
579 580
480 803
380 865
72 483
110 775
8 993
70 410
457 819
691 757
424 642
204 410
336 529
406 773
915 916
533 585
101 891
225 469
156 598
684 983
510 867
384 462
675 934
117 118
31 832
980 981
125 238
584 752
43 842
249 947
44 249
469 950
255 698
711 712
475 701
86 660
366 714
658 822
171 475
322 873
809 991
487 711
239 609
371 765
271 827
500 650
202 956
40 894
628 835
249 250
9 305
759 766
778 779
437 486
96 422
762 771
294 437
211 668
585 586
444 610
67 889
783 830
141 838
347 943
493 997
218 792
70 665
326 591
229 429
487 953
762 892
316 317
720 895
563 948
172 797
287 784
669 849
521 722
58 961
273 620
474 610
56 622
185 507
102 738
518 653
377 677
652 653
368 894
46 843
3 207
182 438
137 961
371 899
522 543
173 389
357 964
269 851
609 956
203 268
356 739
717 718
309 664
53 967
204 907
42 845
100 261
432 734
437 849
187 674
448 449
47 105
733 847
824 965
465 803
141 154
91 333
182 451
784 785
388 556
472 964
52 341
272 381
444 865
318 726
310 636
225 269
142 271
653 975
78 744
446 911
515 516
248 926
246 328
3 341
295 449
322 323
365 693
93 234
34 859
717 852
851 852
290 519
54 279
694 868
513 793
53 54
710 849
569 873
536 925
295 570
572 619
916 917
107 519
52 583
93 126
46 280
277 701
455 973
529 922
123 234
389 390
760 791
177 470
531 968
911 960
388 919
214 766
76 832
454 455
459 570
386 994
983 984
620 932
559 922
614 629
58 640
839 976
185 186
9 226
143 189
368 573
203 765
473 589
579 756
629 873
496 758
86 594
521 522
130 637
438 753
586 651
218 484
102 538
267 871
682 884
179 758
468 632
520 822
19 540
206 366
323 951
252 253
307 943
788 987
141 422
59 60
391 533
33 825
451 584
248 484
354 651
588 589
285 780
767 820
255 645
241 710
370 595
180 242
653 654
245 600
83 538
198 784
182 251
500 597
412 713
439 587
100 892
623 667
989 990
309 477
639 648
456 904
129 546
542 944
148 788
676 944
225 779
216 959
720 721
491 898
250 543
852 877
274 900
213 890
554 954
31 913
428 549
142 192
488 600
4 487
446 603
83 551
298 439
13 721
335 506
121 254
486 675
145 382
258 259
245 963
37 556
606 713
298 560
234 841
456 917
523 678
638 665
393 834
140 388
169 860
766 850
48 570
208 559
428 562
386 565
205 490
413 439
210 339
325 326
550 673
627 893
236 742
390 391
326 901
823 953
501 673
108 678
564 729
527 810
434 619
814 840
291 799
258 622
337 686
404 447
63 154
400 971
290 345
648 807
240 753
114 348
661 746
55 707
724 802
729 917
457 458
300 740
319 753
112 689
186 638
332 463
791 977
194 758
469 697
455 799
496 800
386 928
155 507
408 687
301 332
153 168
793 794
779 859
27 995
407 987
140 643
263 979
115 586
290 587
505 512
362 692
100 463
554 633
705 802
572 687
16 994
654 985
206 300
469 939
109 404
269 356
40 533
62 63
545 934
795 816
566 993
127 128
197 601
431 539
133 882
582 708
279 936
821 990
977 978
86 541
600 991
760 980
234 641
468 579
404 823
1 847
992 993
202 837
158 767
433 706
194 195
503 950
369 721
248 431
110 201
41 367
5 673
10 788
142 944
343 934
577 606
530 531
480 939
34 593
664 760
444 491
306 786
292 888
414 585
760 993
185 496
295 893
410 843
262 716
93 678
108 249
261 262
211 670
49 608
16 431
752 765
535 996
86 904
87 311
259 832
245 668
74 786
863 946
574 843
324 668
799 961
558 606
2 388
172 799
323 443
120 380
331 563
93 920
514 950
285 861
30 571
76 687
714 715
244 271
39 805
97 517
432 507
270 674
729 730
335 574
500 907
324 681
136 859
203 620
782 970
553 918
114 282
21 91
69 805
316 682
80 405
300 674
448 572
300 445
267 268
136 980
291 625
76 700
84 561
203 512
502 808
106 579
854 967
377 813
148 990
177 459
158 217
344 636
281 287
489 502
847 964
41 46
197 293
188 510
501 970
408 513
292 567
311 580
913 914
691 801
262 395
90 877
286 523
915 960
120 985
323 819
254 985
37 987
212 988
480 739
196 980
190 411
451 452
132 177
104 344
390 472
21 346
172 478
72 540
466 696
466 467
163 695
452 532
724 991
143 191
304 819
216 935
161 999
54 644
408 876
802 803
549 586
807 881
531 983
273 422
438 755
4 5
575 989
93 720
239 545
505 930
799 882
117 296
84 119
493 812
378 596
438 647
226 239
176 647
919 920
314 840
317 586
396 650
509 527
211 833
173 312
99 134
54 886
486 543
398 430
563 763
351 355
394 954
788 881
650 651
573 956
688 943
634 643
73 81
152 374
570 658
470 720
690 952
406 964
579 892
352 435
393 473
362 894
305 360
785 997
986 987
81 615
755 825
175 250
1 97
820 954
188 189
61 902
152 266
344 436
32 615
500 720
701 710
472 887
384 774
236 610
618 712
260 967
203 204
172 854
230 307
10 38
782 783
652 710
504 546
747 947
539 540
439 602
16 499
109 138
455 546
264 978
157 852
353 498
413 549
143 688
19 918
674 849
849 850
169 862
10 280
464 487
156 334
51 52
273 919
507 857
656 657
441 503
174 388
410 924
143 809
294 978
605 611
49 918
387 388
906 953
156 226
513 729
26 116
333 798
178 924
663 673
723 724
145 747
728 802
580 675
117 685
141 224
256 699
70 280
536 753
173 701
434 971
489 678
146 275
772 966
791 979
519 520
51 186
689 968
596 740
648 930
78 814
749 753
408 689
9 980
64 650
633 807
581 617
8 755
396 571
855 856
332 815
640 702
46 229
120 932
376 629
417 630
164 184
716 926
540 700
306 533
586 587
42 460
126 602
511 938
156 710
393 394
45 879
334 753
315 474
265 882
573 998
320 589
922 923
430 986
153 183
58 589
3 653
825 990
124 125
148 482
487 702
681 982
987 988
288 987
21 414
716 939
790 888
554 877
347 813
3 774
139 140
691 882
460 461
732 883
33 882
459 990
65 605
426 584
482 893
568 933
194 197
42 594
644 662
50 189
98 903
349 485
256 257
324 657
604 711
497 585
263 418
6 267
61 957
37 371
28 780
759 999
4 194
372 590
592 593
322 769
616 950
368 885
495 660
660 993
357 955
118 444
711 958
86 906
139 732
323 324
414 708
562 606
465 902
102 621
537 778
74 788
354 842
440 616
486 732
747 773
117 606
659 660
590 789
34 608
189 216
91 324
215 619
872 889
729 840
25 724
137 965
550 609
766 907
186 332
750 899
423 504
323 566
188 378
67 88
330 727
237 499
220 855
784 897
32 804
608 671
88 147
384 963
791 792
390 448
562 969
543 727
142 383
109 206
367 730
735 897
372 845
97 640
100 386
67 209
55 872
330 848
27 810
624 800
130 265
145 802
181 459
253 335
617 797
312 915
329 330
138 799
12 394
91 687
110 700
347 384
705 846
858 859
135 464
214 757
103 926
220 279
60 61
227 992
612 803
614 620
242 748
94 584
756 969
219 993
107 523
396 397
874 924
538 975
175 923
612 695
87 810
274 636
8 931
242 869
204 577
811 989
709 749
5 367
596 808
807 991
378 585
130 520
498 650
369 765
116 356
23 128
415 652
19 652
621 986
179 641
248 475
229 233
528 529
184 985
695 935
15 947
137 644
321 465
306 601
218 488
190 655
572 757
331 365
484 644
864 865
156 778
66 67
692 758
250 413
95 539
769 978
595 596
111 254
78 306
396 881
93 843
931 932
26 789
428 540
419 720
171 655
892 940
133 134
745 890
210 317
330 419
5 622
373 789
560 881
439 591
370 720
585 645
361 671
9 485
468 999
143 448
44 671
701 712
217 599
420 433
53 676
235 387
553 962
620 723
386 556
14 913
611 903
265 266
129 671
368 953
569 677
104 843
314 387
701 833
214 449
384 897
57 502
525 607
296 784
227 913
5 46
244 328
15 505
254 787
161 559
309 494
777 828
474 790
245 967
185 687
4 612
601 602
694 793
102 918
83 676
465 741
147 166
382 972
289 744
509 784
858 901
762 964
321 733
140 392
85 456
520 613
164 749
659 728
84 497
332 333
442 730
161 451
548 860
362 441
18 631
188 325
157 975
826 841
380 495
91 392
523 803
668 669
291 682
464 610
390 395
92 967
95 218
298 577
270 744
41 921
72 234
306 401
448 750
42 99
85 698
167 508
552 578
82 400
818 963
183 452
307 518
515 696
119 696
86 290
573 637
383 742
283 804
416 690
327 581
800 801
529 981
703 868
469 701
601 857
40 524
675 806
2 3
81 296
661 871
386 932
466 632
295 750
264 417
682 930
728 817
222 945
5 193
338 339
255 570
152 886
246 750
408 583
37 347
204 524
677 973
42 462
176 462
654 989
69 70
869 914
79 529
352 358
362 817
334 755
587 935
50 996
513 986
172 656
37 468
429 992
405 406
984 985
478 884
338 581
651 812
755 869
237 943
540 715
961 974
658 936
570 823
704 823
649 887
437 708
456 721
215 366
201 468
454 648
651 933
632 654
799 831
169 664
155 766
549 885
291 361
115 135
704 944
432 485
905 934
537 538
129 484
253 779
368 995
561 895
421 592
388 415
385 669
203 369
125 715
194 320
268 269
278 957
507 780
727 820
873 874
553 667
773 936
336 898
162 782
592 595
298 377
514 941
266 839
75 76
794 995
140 205
618 769
2 500
117 487
810 939
735 765
639 828
102 852
133 202
5 919
27 678
882 963
173 503
71 721
665 965
434 544
539 597
269 736
142 143
942 950
73 272
212 845
188 259
721 722
294 914
146 787
891 904
75 89
953 964
10 108
273 976
736 737
125 849
460 839
78 508
532 678
518 780
251 436
638 845
310 979
179 267
81 927
258 560
525 675
137 270
791 794
730 784
97 871
293 517
274 275
657 979
32 927
379 971
61 167
365 807
103 807
170 568
373 402
5 6
538 735
610 611
78 979
207 635
501 853
64 815
661 805
255 383
886 923
127 871
163 565
75 452
770 977
85 874
621 625
712 743
920 921
450 743
44 55
367 974
122 123
536 931
302 764
737 921
23 117
121 689
405 448
468 504
220 402
693 851
230 861
371 571
250 281
458 459
21 229
246 576
361 526
834 975
719 759
311 705
490 936
493 682
185 300
770 990
135 479
126 659
695 816
65 649
473 474
552 767
607 703
794 795
44 68
496 872
535 800
265 939
31 772
29 174
719 880
809 810
318 987
660 687
11 12
72 665
130 872
6 311
92 122
6 82
644 827
690 714
160 485
929 996
261 308
285 665
393 464
357 541
926 927
57 249
452 778
125 420
240 370
92 243
80 906
336 832
331 488
88 767
657 658
168 201
99 367
574 660
12 893
993 994
69 609
437 776
597 765
349 663
215 434
113 652
335 499
63 831
321 601
195 196
442 827
466 955
856 881
419 843
548 728
69 730
14 565
110 502
210 211
757 838
113 773
531 532
536 610
228 265
257 966
167 255
444 792
442 719
122 512
115 324
328 617
763 774
414 657
152 620
501 545
372 660
353 381
261 563
178 794
66 324
750 956
562 905
548 741
279 324
5 987
311 505
118 864
159 673
76 867
525 730
599 679
309 846
736 913
464 491
474 913
386 800
191 561
394 395
320 446
53 102
578 741
435 692
75 386
118 756
478 510
32 164
529 970
197 231
629 679
782 921
730 731
381 577
587 682
64 641
394 516
449 977
490 749
223 405
104 979
580 908
327 462
156 580
285 465
642 739
241 395
306 524
292 626
380 510
8 867
797 798
46 341
244 585
552 701
142 803
192 395
235 765
193 768
862 863
347 683
503 701
556 793
225 693
786 989
426 454
123 416
422 978
128 760
164 188
320 701
433 578
149 819
572 922
99 998
630 863
0 467
929 930
487 585
693 919
257 537
131 132
7 591
199 532
452 712
92 406
295 994
363 640
467 468
109 760
159 352
422 991
582 943
81 432
516 589
600 997
157 427
275 648
41 481
266 599
32 432
794 984
219 487
852 925
447 876
452 725
534 535
369 956
331 664
23 319
83 599
220 833
65 959
146 655
528 720
32 782
151 733
266 720
481 608
734 825
439 648
126 151
599 600
26 738
72 854
102 962
157 669
935 936
35 679
117 718
711 962
70 902
391 728
45 320
666 667
148 970
280 897
627 941
38 546
2 623
819 882
170 436
342 957
423 616
815 911
6 513
147 223
592 839
339 393
891 906
204 205
462 729
374 387
659 785
392 670
433 967
188 382
83 854
480 490
303 857
325 616
110 691
349 973
583 911
321 911
57 572
511 742
271 272
274 506
661 686
191 508
707 802
738 906
171 270
603 681
589 783
336 337
322 439
351 911
192 329
1 532
87 572
716 743
55 997
72 183
672 673
75 454
278 288
102 291
401 853
816 866
492 742
566 691
5 358
239 296
161 871
386 989
403 404
172 471
619 931
77 648
130 511
314 591
102 412
267 516
855 915
387 581
607 813
46 288
660 676
552 648
698 968
739 740
436 702
730 920
656 971
16 116
848 912
361 528
325 871
180 224
452 646
490 938
331 356
811 993
470 471
55 192
160 245
552 998
178 528
11 122
769 969
339 890
246 699
922 982
540 880
139 307
396 872
38 935
74 592
332 887
748 802
478 941
8 238
8 9
44 420
338 638
109 815
100 995
871 872
26 780
29 297
447 810
73 74
69 369
229 358
137 769
371 707
164 606
71 415
282 598
208 420
153 484
409 410
540 893
212 310
938 939
280 710
63 941
674 829
168 203
338 880
104 713
574 662
197 675
140 141
71 536
71 307
35 613
141 780
249 313
15 146
204 836
42 774
116 723
479 775
446 598
64 267
759 829
421 770
476 477
627 646
632 724
544 611
89 970
68 93
460 654
207 208
275 608
137 903
266 788
319 614
49 790
687 781
453 614
203 439
464 480
317 955
289 627
495 961
608 609
392 725
84 380
235 512
216 270
386 910
317 847
205 377
339 340
344 684
638 902
944 945
108 444
44 917
116 268
641 907
190 217
319 627
222 923
678 974
146 147
731 837
51 58
837 967
675 676
408 561
463 497
89 286
204 273
402 517
173 694
828 854
814 956
626 905
511 689
390 628
54 450
656 784
78 807
353 746
210 697
581 610
213 214
278 343
223 407
677 843
503 690
305 971
487 682
502 990
235 875
610 789
340 928
675 918
95 343
688 857
807 808
399 754
834 911
359 389
682 813
98 762
156 703
159 220
546 629
367 923
163 864
345 346
145 995
828 988
313 808
454 518
27 185
197 596
76 77
315 359
576 629
471 872
218 655
273 362
382 534
239 485
304 880
104 526
412 413
73 947
436 770
357 477
991 992
628 940
134 405
829 930
774 994
595 763
494 711
603 883
152 193
267 934
415 832
671 758
748 749
674 763
393 521
334 880
208 475
189 196
125 477
78 365
231 607
330 586
514 932
163 180
528 601
789 871
247 588
168 258
706 873
544 545
444 607
84 301
865 866
356 494
306 902
39 558
161 255
111 663
364 843
639 819
9 652
783 948
650 833
82 83
507 784
161 376
432 610
303 725
393 884
510 651
567 956
823 882
381 500
226 663
653 959
185 625
386 615
138 550
666 898
353 438
437 846
0 845
149 150
728 729
585 717
103 677
571 782
258 322
46 143
939 949
208 730
277 564
199 910
488 784
64 685
100 150
325 497
485 486
710 833
16 910
453 911
635 659
74 97
497 954
175 674
290 395
35 105
289 924
53 159
89 341
668 957
797 842
816 855
281 282
360 575
82 338
496 621
224 916
45 456
67 215
34 38
424 452
580 965
593 675
918 960
95 169
348 349
45 577
7 56
707 925
416 978
378 457
209 685
38 803
506 871
29 983
626 973
607 694
115 757
192 452
175 808
268 999
113 159
389 737
790 815
17 865
36 878
34 280
139 296
600 691
465 466
797 976
9 223
33 580
239 648
184 749
99 116
546 576
95 640
458 463
205 808
535 683
246 580
461 468
58 758
801 802
359 457
41 296
478 822
422 927
802 919
263 345
227 422
199 589
18 19
181 949
864 979
281 658
83 414
382 710
148 543
456 659
514 866
868 869
123 715
193 959
158 938
91 948
53 656
442 468
686 828
419 713
6 315
149 889
240 253
312 358
611 654
776 987
148 664
93 728
487 884
99 479
467 646
632 713
85 86
11 137
497 525
28 720
105 415
745 775
5 965
509 764
294 839
528 777
25 422
577 898
815 955
70 838
144 787
166 546
202 203
116 954
391 893
331 613
129 893
745 896
206 847
701 826
118 505
706 941
439 826
665 903
291 662
847 880
810 998
538 539
515 555
583 955
523 675
624 727
256 331
88 195
272 541
81 973
62 731
461 965
170 264
106 508
307 498
116 967
397 428
605 606
94 390
641 788
250 903
227 919
881 891
3 393
168 460
295 501
314 514
580 899
406 517
230 557
568 781
100 447
210 578
256 694
278 453
737 738
346 853
10 638
65 345
791 974
307 861
496 797
152 758
302 931
111 168
434 858
33 514
594 810
341 630
654 861
275 276
901 967
82 635
255 563
804 805
381 702
482 754
296 335
466 517
572 913
6 7
658 687
28 291
79 751
194 997
610 912
32 181
183 579
133 987
403 582
339 826
628 700
485 917
342 343
517 869
126 947
143 362
10 772
440 585
211 533
744 996
494 821
265 769
512 875
149 823
391 585
551 574
97 138
743 744
478 998
230 933
679 759
68 834
343 810
463 875
112 123
494 942
136 480
72 724
466 880
686 883
474 475
18 195
718 872
239 837
299 888
214 255
810 811
581 988
801 991
686 775
12 13
468 818
574 948
541 542
250 824
665 837
255 939
403 837
221 537
185 614
59 246
465 897
606 644
97 501
196 480
877 878
426 942
882 956
79 80
359 888
488 773
101 327
942 943
240 671
768 827
152 558
317 891
124 725
243 676
124 496
673 674
43 507
750 894
870 959
376 424
298 733
480 481
191 378
55 746
17 491
407 905
429 435
305 894
453 792
585 948
497 835
211 212
326 953
128 214
587 728
740 741
108 501
11 797
258 674
547 548
134 904
390 564
422 782
59 730
707 914
443 841
278 279
457 510
369 397
181 575
200 625
179 502
291 743
712 736
717 851
87 684
432 867
614 615
219 988
281 405
654 916
79 685
406 814
43 762
79 456
404 741
679 680
309 918
153 341
628 634
306 583
223 585
140 816
410 411
179 744
700 924
165 351
524 927
505 685
178 290
133 813
482 930
628 755
746 747
589 800
336 583
341 698
98 940
215 293
781 970
65 763
855 919
170 816
423 996
211 588
99 118
670 873
496 986
477 478
788 865
410 653
575 986
284 285
514 747
385 596
44 303
112 178
458 586
807 999
15 16
92 465
89 719
157 594
231 543
878 879
281 889
248 712
107 773
129 532
776 868
110 253
836 882
160 370
808 820
660 693
178 653
80 81
813 935
343 986
766 823
136 656
131 312
351 352
315 658
177 953
424 830
129 653
778 833
416 417
151 671
486 890
720 828
16 712
305 586
202 902
90 661
348 956
945 946
475 768
84 129
347 997
37 771
340 543
147 148
498 900
105 417
201 650
316 371
178 895
852 876
315 900
79 135
511 546
590 839
43 441
516 661
158 953
543 764
483 484
617 713
345 779
326 537
111 612
279 425
297 479
94 379
476 481
135 151
374 433
214 215
819 820
423 554
156 210
221 605
161 325
21 22
155 251
275 841
149 436
168 449
761 963
52 274
351 836
593 598
249 788
23 970
615 616
702 770
12 323
270 618
872 952
388 839
715 968
159 787
632 970
88 89
76 981
411 742
404 554
238 262
320 560
67 151
153 154
270 739
256 575
421 908
462 909
517 616
42 323
121 616
350 439
429 503
682 683
129 211
659 965
32 278
367 793
274 565
81 170
339 465
471 850
94 634
80 470
157 165
71 916
220 221
170 629
464 847
698 785
309 973
290 694
205 852
67 393
413 801
256 817
433 450
70 398
536 871
407 986
369 465
556 557
404 917
698 906
582 694
494 581
339 707
287 288
204 748
635 971
406 882
46 576
404 809
216 987
352 353
87 873
54 925
145 289
164 302
191 930
222 243
339 828
540 818
526 920
452 476
658 810
825 987
78 235
369 707
484 694
321 407
128 995
305 399
269 476
62 412
428 469
111 533
6 251
419 420
116 648
355 930
556 920
157 420
456 716
280 756
285 834
238 759
252 428
188 938
38 176
755 756
685 926
284 582
126 962
382 888
468 928
41 595
547 992
220 826
505 995
632 770
38 297
766 770
444 719
277 313
553 891
147 203
226 533
78 369
312 536
157 662
391 600
382 780
182 426
77 144
660 990
627 813
357 952
200 480
329 890
403 839
24 25
650 945
6 614
226 654
73 146
523 840
671 775
146 890
817 829
89 90
407 665
835 883
613 770
38 539
52 208
79 311
838 888
939 940
277 326
144 965
653 842
513 539
141 142
738 886
289 794
55 627
3 437
168 504
206 796
627 826
197 976
277 676
254 958
483 552
156 157
455 719
9 898
279 493
174 211
316 560
80 512
233 791
57 794
29 732
492 493
459 545
175 557
703 905
818 892
763 956
133 789
469 509
413 614
110 805
320 386
550 848
149 504
283 504
99 683
448 800
429 558
80 404
102 163
154 619
57 686
225 499
10 574
587 622
779 792
448 921
71 971
281 286
728 975
253 453
51 467
288 676
152 815
284 971
702 730
72 526
619 695
572 849
99 925
364 405
792 852
451 559
816 980
360 700
179 625
580 969
676 677
55 64
593 908
187 220
371 566
846 859
579 744
133 923
535 674
110 939
53 405
471 918
72 418
144 523
457 754
484 857
214 767
360 821
74 464
744 932
563 628
191 985
705 977
149 759
6 185
245 467
792 865
229 230
79 700
808 809
101 947
352 529
940 965
618 685
309 344
161 180
616 760
239 773
533 991
151 660
660 803
480 872
493 811
875 876
438 875
364 660
534 583
267 993
143 432
77 78
159 642
808 822
539 634
766 825
134 585
103 252
171 652
413 414
745 887
8 365
285 902
445 891
238 827
115 198
667 940
142 301
55 561
374 543
835 938
319 378
167 250
120 663
502 728
307 489
501 540
45 260
831 940
545 546
173 674
252 738
766 959
492 656
516 784
309 720
782 903
446 725
881 882
666 728
344 677
559 602
130 196
448 505
453 849
35 861
234 253
19 328
612 613
82 384
161 448
257 385
317 961
40 158
191 556
707 850
154 674
355 664
116 153
489 664
217 730
948 949
585 897
700 847
538 785
423 569
51 172
288 381
150 151
928 970
532 970
334 497
802 831
499 793
287 385
108 908
388 962
149 451
402 631
116 274
396 557
164 988
943 955
382 393
43 698
323 981
165 166
744 745
494 570
67 274
251 849
378 395
130 330
635 960
38 741
382 514
146 274
786 863
247 326
151 352
390 634
91 981
210 932
282 283
628 691
259 565
663 914
811 812
363 393
602 675
506 701
244 930
32 293
285 473
178 347
618 619
207 819
241 632
623 697
600 979
130 801
199 406
223 763
718 971
9 511
336 411
855 976
349 350
794 966
426 570
206 301
142 811
257 761
357 470
362 814
134 398
774 987
424 874
718 863
685 686
243 304
621 930
108 116
27 191
13 293
252 538
412 527
370 530
193 897
227 481
540 941
669 826
686 766
278 712
195 943
210 248
528 823
454 645
674 877
154 353
481 482
44 481
233 417
54 940
398 484
494 946
631 692
218 782
190 720
9 645
138 530
78 250
322 876
243 546
270 420
96 533
817 818
179 827
500 882
555 589
145 425
19 20
590 775
29 250
648 716
307 423
548 549
212 600
12 17
537 656
509 823
355 356
337 716
631 934
549 895
535 997
461 782
884 885
20 780
20 551
634 939
708 888
202 262
212 721
334 418
551 941
59 250
119 264
570 954
143 850
86 87
624 665
789 998
949 950
701 885
49 959
324 898
282 901
103 441
464 649
109 192
422 423
26 157
12 259
437 960
215 847
812 837
710 826
770 840
197 978
434 662
126 280
411 907
552 617
675 724
133 441
331 914
9 900
100 264
14 978
218 219
121 323
19 275
239 278
698 829
389 488
554 555
707 797
256 861
89 455
102 165
387 563
60 168
103 804
98 460
65 283
156 630
285 286
524 568
890 891
675 966
78 747
150 327
380 789
339 751
26 291
127 868
806 897
92 93
603 797
264 348
90 986
520 799
267 619
131 758
621 622
1 648
642 910
582 630
642 681
339 872
480 619
182 925
686 687
89 468
42 622
61 635
28 229
52 586
129 281
487 514
607 808
321 451
101 707
159 160
16 111
697 738
91 928
158 460
402 820
551 620
14 415
459 802
753 754
49 638
469 995
17 871
120 289
361 415
149 990
433 520
545 990
226 456
92 227
226 227
281 880
341 931
410 536
69 472
167 815
275 577
206 477
285 770
271 872
188 874
269 533
2 418
291 292
136 418
53 649
278 996
820 821
873 913
317 466
831 916
36 187
22 23
808 932
627 628
71 410
147 957
408 998
141 883
224 359
124 421
358 359
50 243
229 474
523 655
261 655
285 783
467 531
508 532
370 827
337 421
423 424
127 547
49 893
412 716
68 906
136 552
115 429
636 838
722 878
446 714
224 601
298 550
47 968
759 945
335 846
490 491
407 722
668 763
164 735
236 611
174 376
157 732
826 827
559 712
160 966
261 789
118 740
159 778
319 730
214 448
28 29
527 679
511 671
46 83
442 837
557 558
435 797
429 494
140 391
184 663
122 980
120 907
211 271
276 666
629 784
109 260
95 96
143 810
8 851
228 854
388 843
302 803
130 319
66 563
869 887
179 440
599 797
160 161
239 454
409 902
87 851
749 970
427 690
7 104
311 744
177 515
366 451
130 440
37 212
149 453
61 569
751 787
61 340
360 865
258 854
411 867
120 920
323 754
617 972
252 285
367 797
241 392
7 225
260 405
246 507
227 228
402 983
135 410
167 857
594 924
14 120
184 797
170 633
579 801
450 916
524 865
758 803
164 293
152 993
563 564
329 397
193 765
532 985
158 744
397 797
512 747
294 295
519 642
739 911
67 518
12 582
273 586
649 873
368 860
206 303
486 586
123 534
384 575
411 412
433 696
369 940
391 699
231 481
368 752
454 755
304 996
747 748
114 835
475 814
521 930
655 930
259 930
493 868
396 935
47 781
762 763
577 946
632 653
145 306
227 604
139 491
455 468
83 596
78 252
181 902
14 725
300 301
33 186
287 776
189 204
359 881
194 548
180 650
606 758
377 898
878 951
339 377
31 32
297 417
481 726
61 140
489 587
613 882
140 204
613 653
186 549
819 987
1 503
548 901
410 967
229 892
119 266
946 947
158 194
435 731
135 210
305 887
164 911
148 149
263 890
461 905
543 944
137 256
675 834
386 731
231 857
532 785
284 949
58 377
125 138
58 148
421 954
283 495
99 674
484 485
61 382
118 916
673 680
406 565
32 95
138 787
726 957
499 500
158 436
325 613
638 844
927 947
135 223
608 672
167 670
420 850
525 903
425 965
184 610
392 788
203 623
459 549
404 613
612 791
610 718
703 909
386 973
174 565
513 785
91 796
485 723
531 839
39 111
691 791
37 38
121 675
300 677
162 447
346 793
309 911
785 840
587 855
153 334
108 857
952 953
797 850
50 98
506 637
244 866
137 511
142 855
59 857
95 514
4 921
241 568
683 684
572 853
364 409
264 471
184 973
538 976
147 825
163 806
221 222
94 935
424 810
383 809
69 353
50 111
401 863
41 291
54 755
236 237
48 186
815 816
424 931
465 474
231 307
808 813
159 404
319 356
269 764
651 866
582 995
141 764
461 705
134 347
815 937
328 361
119 187
789 921
882 883
660 807
651 987
70 941
686 944
460 867
87 127
378 828
460 638
221 356
372 525
363 934
129 767
55 552
836 888
822 990
302 429
641 649
407 482
211 836
546 826
420 421
766 829
270 598
289 611
127 549
206 842
435 436
756 757
99 487
434 706
219 552
35 731
444 899
356 786
244 316
736 778
156 203
326 880
37 777
109 128
400 600
460 880
41 667
344 439
440 901
300 369
30 508
544 958
552 553
736 899
328 845
423 439
235 388
823 824
4 721
565 788
69 850
671 955
261 791
247 893
591 666
402 501
421 780
888 889
46 85
170 380
156 445
409 662
109 370
68 103
312 729
413 781
224 616
688 720
526 658
619 620
438 545
311 504
476 837
448 738
332 563
15 856
464 719
156 566
271 553
51 284
133 619
568 776
7 214
955 956
265 738
301 432
430 842
113 906
80 692
157 158
286 797
809 838
469 918
68 574
339 579
72 464
172 173
218 518
199 276
493 494
195 800
157 279
248 397
781 897
98 638
93 294
146 386
266 451
557 923
1 934
904 967
193 875
196 917
586 806
88 566
704 798
322 504
14 351
289 290
445 803
560 561
216 751
30 66
40 754
931 962
730 972
625 626
391 459
649 983
126 942
420 931
363 397
82 872
356 357
581 970
760 972
961 962
204 754
223 996
672 859
61 705
52 885
93 657
261 470
852 911
692 693
637 757
315 706
788 926
168 952
23 305
704 932
243 308
27 424
206 655
560 924
200 352
329 762
217 292
230 231
100 121
229 760
759 760
745 825
275 647
270 303
127 483
44 714
618 986
332 363
824 825
139 493
100 242
26 27
0 829
297 298
426 937
476 529
132 719
613 763
351 763
115 486
650 830
510 527
109 183
362 363
45 427
680 709
427 492
430 534
891 892
233 892
333 601
296 948
198 376
93 94
411 669
698 699
185 851
221 545
288 306
345 840
166 609
224 779
110 677
710 938
13 781
352 964
536 556
429 430
360 559
267 368
43 623
411 790
115 499
562 959
254 843
106 679
240 908
529 782
133 553
128 209
694 849
105 720
174 325
578 903
232 266
944 997
710 830
66 728
429 551
214 626
145 792
131 857
814 887
234 312
346 553
43 744
203 733
700 785
65 274
175 671
557 736
414 953
689 892
73 623
59 725
183 266
496 497
642 780
624 911
572 721
388 900
37 148
462 849
130 376
608 903
313 726
561 562
599 854
626 957
610 949
290 742
152 808
293 518
86 454
110 811
34 35
259 382
443 957
677 895
897 898
231 283
214 639
503 742
43 986
117 972
46 503
247 264
99 100
716 971
628 629
499 744
550 975
691 914
456 522
5 586
244 868
290 755
964 965
752 786
254 280
405 678
166 167
391 514
129 514
69 234
470 578
19 642
373 874
170 811
450 865
109 572
403 524
141 753
309 337
199 465
326 506
259 516
166 288
639 737
262 521
778 815
850 920
437 522
299 817
247 627
233 234
305 339
563 863
389 976
433 753
204 701
765 997
262 871
372 514
451 807
298 299
24 999
10 835
440 648
472 866
697 984
425 525
230 286
634 635
171 645
792 992
699 764
88 876
377 484
850 933
248 599
108 296
182 245
321 589
104 591
66 299
539 748
563 876
365 366
865 918
29 417
306 954
254 535
1 318
768 985
102 895
468 989
377 605
701 702
411 603
404 415
634 648
372 877
9 825
69 839
432 662
633 652
182 487
803 834
407 834
352 898
195 197
654 711
766 952
678 839
717 767
87 371
372 998
36 554
215 785
555 890
168 444
121 369
186 498
833 834
599 667
53 908
35 36
97 685
298 675
100 202
191 549
330 893
250 900
346 837
117 785
19 213
626 662
230 662
371 372
928 963
666 963
191 441
89 393
402 624
102 103
57 855
547 719
593 606
515 915
100 444
27 868
438 439
135 630
167 619
79 506
318 788
271 676
238 499
279 796
301 555
807 915
407 981
50 155
401 678
159 327
35 291
21 393
193 877
628 805
779 974
727 784
732 862
570 571
635 966
280 738
725 859
637 746
130 686
240 292
732 754
487 923
108 109
519 646
637 638
62 407
81 649
433 808
452 821
438 923
240 413
226 515
138 402
556 915
33 874
229 520
251 279
289 305
22 190
421 461
151 600
25 461
216 995
467 577
145 297
255 694
444 593
141 821
447 864
543 572
175 176
433 700
452 713
372 690
754 755
625 870
331 423
625 641
933 986
284 348
41 590
79 882
701 865
123 888
238 875
82 887
505 990
169 775
365 421
783 934
208 703
590 768
843 985
106 426
460 695
245 770
97 606
215 598
321 765
835 986
80 144
379 706
164 781
208 595
810 929
230 354
152 663
307 308
367 588
350 944
757 773
215 490
509 708
467 940
150 775
76 560
282 665
10 206
447 998
777 873
144 960
109 185
840 929
900 943
399 661
124 493
256 612
8 547
223 435
209 308
300 426
374 375
217 657
953 954
51 99
212 956
152 676
413 717
265 324
738 773
140 558
47 101
547 653
239 271
712 720
189 450
137 260
524 669
491 492
642 661
821 892
471 779
416 843
75 550
572 602
429 553
112 846
709 836
728 849
506 507
239 392
10 569
827 828
294 328
464 776
496 728
721 846
141 271
246 553
325 617
330 961
605 900
162 330
248 333
19 281
406 690
44 45
340 861
362 620
475 497
237 854
311 803
254 269
894 895
728 862
96 97
43 759
225 736
716 973
375 451
471 913
493 672
94 926
311 695
111 112
484 623
112 980
690 691
8 105
211 693
51 475
7 405
263 331
199 575
111 462
61 641
396 860
286 988
129 516
69 236
228 229
753 868
71 282
494 873
394 706
328 352
56 647
226 341
317 688
446 573
243 244
69 357
308 639
564 565
349 640
547 921
679 811
188 988
444 648
84 113
29 177
249 409
232 765
106 360
92 462
350 986
106 131
625 696
322 924
646 755
57 360
585 745
511 530
12 883
172 835
631 632
56 889
262 765
470 943
878 997
45 242
179 996
36 422
96 473
509 642
242 298
228 363
453 710
544 828
903 946
433 768
331 720
427 428
726 990
726 761
289 723
578 597
509 763
407 715
388 473
52 258
208 771
409 761
571 594
791 826
777 928
763 764
768 879
372 879
325 538
91 371
397 414
261 782
154 656
388 594
393 938
374 430
79 253
511 664
441 605
28 961
174 261
301 302
325 659
531 764
177 266
710 995
99 841
44 905
283 433
830 831
352 792
379 895
304 721
631 887
32 33
235 621
596 600
675 893
97 916
18 623
895 896
754 957
320 436
302 567
355 430
527 914
368 369
170 613
459 487
15 739
106 857
548 973
890 939
675 785
284 900
600 611
28 156
962 963
148 221
280 377
579 673
904 958
164 165
97 929
769 770
297 731
302 809
350 557
396 673
15 981
478 742
500 501
296 442
62 275
315 455
746 907
20 49
92 154
231 232
55 235
695 861
681 963
841 915
459 621
376 852
546 738
269 460
38 39
218 643
383 976
199 401
567 568
746 799
603 750
267 801
286 814
748 845
338 681
632 633
477 530
241 519
48 124
820 869
419 525
42 575
105 106
327 936
55 248
968 969
786 992
132 468
753 815
445 699
338 573
343 917
318 335
260 653
282 412
218 885
340 353
75 873
59 111
699 700
55 369
49 820
80 133
136 708
291 353
241 761
750 867
516 700
180 751
512 995
237 238
302 367
766 767
428 708
856 926
648 711
199 656
187 767
522 528
219 490
346 531
516 942
10 87
304 305
851 932
207 601
372 934
88 946
270 657
784 878
495 775
369 370
238 890
539 818
398 842
525 883
38 307
796 888
510 531
59 595
40 316
680 942
293 496
143 737
86 203
812 832
705 706
135 324
387 545
258 431
511 611
290 612
235 676
276 714
202 499
436 437
138 780
614 709
325 606
96 783
784 891
154 724
30 917
797 830
200 840
401 601
346 665
772 773
376 773
730 776
485 945
31 509
311 792
517 668
116 324
503 504
453 912
281 391
