100
99
72 73
67 68
44 45
8 9
40 41
41 42
96 97
18 19
73 74
14 15
9 10
74 75
15 16
47 48
42 43
38 39
48 49
80 81
75 76
85 86
71 72
16 17
81 82
12 13
22 23
77 78
49 50
13 14
45 46
55 56
50 51
82 83
51 52
46 47
23 24
78 79
83 84
19 20
24 25
79 80
56 57
20 21
52 53
57 58
89 90
53 54
30 31
25 26
90 91
26 27
21 22
31 32
86 87
17 18
27 28
54 55
64 65
5 6
60 61
87 88
97 98
1 2
28 29
93 94
88 89
29 30
84 85
61 62
2 3
62 63
94 95
3 4
58 59
35 36
95 96
36 37
91 92
68 69
63 64
32 33
4 5
59 60
69 70
0 1
10 11
65 66
37 38
92 93
6 7
33 34
43 44
98 99
70 71
39 40
34 35
11 12
66 67
76 77
7 8
